-- // converted using mech's animoduler
return {{Time=0;["HumanoidRootPart"]={cf=CFrame.new(0,0,0,1,0,0,0,1,0,0,0,1);es="Linear";ed="In";};["Torso"]={cf=CFrame.new(0,0,0,1,0,0,0,1,0,0,0,1);es="Linear";ed="In";};["Right Arm"]={cf=CFrame.new(-0.00756835938,-0.290909767,0.102817535,0.472129583,-0.654846072,0.590144277,0.658398628,0.707106888,0.257897407,-0.586178184,0.266789287,0.764995873);es="Cubic";ed="InOut";};["Body"]={cf=CFrame.new(0,0,0,1,0,0,0,1,0,0,0,1);es="Cubic";ed="InOut";};["Left Arm"]={cf=CFrame.new(0.000122070312,-0.245051384,1.52587891e-05,0.524189532,0.805119693,-0.277502775,-0.843948662,0.534712613,-0.0428154096,0.113912717,0.256641477,0.959770381);es="Linear";ed="In";};["Head"]={cf=CFrame.new(0,0,0,1,0,0,0,0.998300731,-0.0582722872,0,0.0582722872,0.998300731);es="Linear";ed="In";};};{Time=0.10000000149011612;["HumanoidRootPart"]={cf=CFrame.new(0,0,0,1,0,0,0,1,0,0,0,1);es="Linear";ed="In";};["Torso"]={cf=CFrame.new(0,0,0,1,0,0,0,1,0,0,0,1);es="Linear";ed="In";};["Left Arm"]={cf=CFrame.new(-0.0795898438,-0.219304085,-0.0511932373,0.465413928,0.860959768,-0.205275625,-0.869523287,0.488070309,0.0756093562,0.165285587,0.143302217,0.975779235);es="Linear";ed="In";};};{Time=0.23333333432674408;["HumanoidRootPart"]={cf=CFrame.new(0,0,0,1,0,0,0,1,0,0,0,1);es="Linear";ed="In";};["Torso"]={cf=CFrame.new(0,0,0,1,0,0,0,1,0,0,0,1);es="Linear";ed="In";};["Right Arm"]={cf=CFrame.new(-0.00756835938,-0.290904999,0.102815628,-0.0554312281,-0.721616447,0.690070331,0.905985773,0.254138947,0.338531822,-0.419663668,0.643959165,0.639687002);es="Linear";ed="In";};["Body"]={cf=CFrame.new(-6.10351562e-05,-3.05175781e-05,-2.67028809e-05,0.948288739,-0.3174088,1.49011612e-08,0.271198839,0.810231686,-0.51959157,0.164923117,0.492722809,0.854414582);es="Linear";ed="In";};["Left Arm"]={cf=CFrame.new(-0.15032959,-0.188467026,-0.0418338776,0.183521301,0.615097404,-0.766795337,-0.929968119,-0.144145638,-0.338203132,-0.318558037,0.775162637,0.545567155);es="Linear";ed="In";};};{Time=0.30000001192092896;["HumanoidRootPart"]={cf=CFrame.new(0,0,0,1,0,0,0,1,0,0,0,1);es="Linear";ed="In";};["Torso"]={cf=CFrame.new(0,-0.0413818359,-0.000378131866,1,0,0,0,0.999958277,-0.00913480949,0,0.00913480949,0.999958277);es="Cubic";ed="InOut";};["Left Arm"]={cf=CFrame.new(-0.146484375,-0.16808629,-0.0588226318,0.188650295,0.630453229,-0.752954125,-0.939348221,-0.107774623,-0.325591117,-0.286419392,0.768708944,0.5718835);es="Linear";ed="In";};["Head"]={cf=CFrame.new(-1.90734863e-06,0,-9.29832458e-06,0.999671578,0.0205314104,0.0153380362,-0.0181430634,0.989662468,-0.142264351,-0.0181003679,0.141939417,0.989709914);es="Cubic";ed="InOut";};};{Time=0.36666667461395264;["HumanoidRootPart"]={cf=CFrame.new(0,0,0,1,0,0,0,1,0,0,0,1);es="Linear";ed="In";};["Torso"]={cf=CFrame.new(0,0,0,1,0,0,0,1,0,0,0,1);es="Linear";ed="In";};["Right Arm"]={cf=CFrame.new(-0.00756835938,-0.290911674,0.10279274,-0.0390063338,-0.726158619,0.686419904,0.913871884,0.251897305,0.318411797,-0.404124796,0.639719844,0.653790295);es="Cubic";ed="InOut";};["Body"]={cf=CFrame.new(-9.15527344e-05,-6.10351562e-05,-2.28881836e-05,0.94828862,-0.317013621,-0.0158402883,0.271198899,0.835152149,-0.478509903,0.164923131,0.449469864,0.877939165);es="Cubic";ed="InOut";};};{Time=0.4333333373069763;["HumanoidRootPart"]={cf=CFrame.new(0,0,0,1,0,0,0,1,0,0,0,1);es="Linear";ed="In";};["Torso"]={cf=CFrame.new(0,0,0,1,0,0,0,1,0,0,0,1);es="Linear";ed="In";};["Left Arm"]={cf=CFrame.new(0.370300293,-0.214356422,0.527954102,0.200940639,0.659508526,-0.724341869,-0.954232156,-0.0354176797,-0.296962321,-0.221503705,0.750862181,0.622207344);es="Linear";ed="In";};};{Time=0.5;["HumanoidRootPart"]={cf=CFrame.new(0,0,0,1,0,0,0,1,0,0,0,1);es="Linear";ed="In";};["Torso"]={cf=CFrame.new(0,0,0,1,0,0,0,1,0,0,0,1);es="Linear";ed="In";};["Left Arm"]={cf=CFrame.new(-0.0473632812,-0.26322937,0.112518311,0.425465763,0.891237319,-0.15707922,-0.888091385,0.444561869,0.116868347,0.173989177,0.0897775888,0.980646312);es="Linear";ed="In";};};{Time=0.6000000238418579;["HumanoidRootPart"]={cf=CFrame.new(0,0,0,1,0,0,0,1,0,0,0,1);es="Linear";ed="In";};["Torso"]={cf=CFrame.new(3.05175781e-05,-0.0413818359,-0.000378131866,0.684111118,0.729377747,4.65661287e-10,-0.729347348,0.684082568,-0.00913480949,-0.00666272733,0.00624922477,0.999958277);es="Linear";ed="In";};["Left Arm"]={cf=CFrame.new(0.209655762,-0.134796143,0.0491333008,0.329108119,0.930875301,-0.158616841,-0.869852185,0.364226162,0.33271113,0.367484897,0.028475076,0.929593444);es="Linear";ed="In";};["Head"]={cf=CFrame.new(-6.10351562e-05,-6.10351562e-05,-2.2649765e-05,0.746224999,-0.659480214,-0.0907421559,0.660452247,0.750510991,-0.0231513046,0.0833708271,-0.042654831,0.995605171);es="Linear";ed="In";};};{Time=0.6333333253860474;["HumanoidRootPart"]={cf=CFrame.new(0,0,0,1,0,0,0,1,0,0,0,1);es="Linear";ed="In";};["Torso"]={cf=CFrame.new(0.253778458,-0.379211426,-0.0823554993,0.97763449,0.200007498,0.0650210679,-0.188704908,0.970716357,-0.148661271,-0.0928503871,0.13306658,0.986748219);es="Linear";ed="In";};["Right Arm"]={cf=CFrame.new(0.277557373,0.358565569,0.602111816,-0.00972375274,0.214487165,-0.976678491,0.81982404,-0.55752331,-0.130599141,-0.572532415,-0.801974416,-0.170420557);es="Linear";ed="In";};["Body"]={cf=CFrame.new(0.0589294434,-0.15536499,-0.0835723877,0.809853196,-0.586632729,-0.000391066074,0.501418829,0.692560256,-0.518593252,0.3044945,0.419787884,0.855020821);es="Linear";ed="In";};};{Time=0.6666666865348816;["HumanoidRootPart"]={cf=CFrame.new(0,0,0,1,0,0,0,1,0,0,0,1);es="Linear";ed="In";};["Torso"]={cf=CFrame.new(0,0,0,1,0,0,0,1,0,0,0,1);es="Linear";ed="In";};["Right Arm"]={cf=CFrame.new(1.27215576,-0.0977401733,-0.0681152344,-0.00972428918,-0.887667954,-0.460381508,0.819824278,-0.270685762,0.504596472,-0.572532773,-0.372525126,0.730363786);es="Linear";ed="In";};};{Time=0.699999988079071;["HumanoidRootPart"]={cf=CFrame.new(0,0,0,1,0,0,0,1,0,0,0,1);es="Linear";ed="In";};["Torso"]={cf=CFrame.new(0.871795654,-0.518371582,-0.172778606,0.481201768,-0.805564284,0.34570384,0.876573324,0.438581467,-0.198155403,0.008007586,0.398387492,0.917182267);es="Linear";ed="In";};["Right Arm"]={cf=CFrame.new(0.936645508,-0.0489196777,0.00747680664,-0.00972357392,-0.946052074,-0.323868036,0.819824338,-0.192984745,0.539114654,-0.572532177,-0.26027298,0.777472973);es="Linear";ed="In";};["Left Arm"]={cf=CFrame.new(-0.0431213379,0.135932922,0.204193115,0.804830909,0.589460075,-0.0691679716,-0.501800537,0.73807025,0.451052487,0.316928178,-0.328312516,0.889813125);es="Linear";ed="In";};["Head"]={cf=CFrame.new(3.05175781e-05,0,-0.000114440918,0.526431084,0.833693027,-0.166811377,-0.764997602,0.550074577,0.334958434,0.371011347,-0.0487224273,0.927349389);es="Linear";ed="In";};};{Time=0.8999999761581421;["HumanoidRootPart"]={cf=CFrame.new(0,0,0,1,0,0,0,1,0,0,0,1);es="Linear";ed="In";};["Torso"]={cf=CFrame.new(0.498178482,-0.296203613,-0.0987281799,0.819879889,-0.548596561,0.163825959,0.571311295,0.802623153,-0.171463624,-0.0374261066,0.234175175,0.971473694);es="Linear";ed="In";};["Right Arm"]={cf=CFrame.new(0.532073975,-0.15259552,0.0483703613,-0.109610394,-0.714976132,0.690503359,0.930066824,0.171301126,0.325010866,-0.350658894,0.677838624,0.646199584);es="Linear";ed="In";};["Head"]={cf=CFrame.new(0,-3.05175781e-05,-5.34057617e-05,0.824237704,0.546929359,-0.146631002,-0.528007925,0.835907578,0.149887696,0.204547927,-0.0461207367,0.977769256);es="Linear";ed="In";};};}
