-- // converted using mech's animoduler
return {{Time=0;["HumanoidRootPart"]={cf=CFrame.new(0,0,0,1,0,0,0,1,0,0,0,1);es=Enum.PoseEasingStyle.Linear;ed=Enum.PoseEasingDirection.In;time=0.0416666679084301;};["Torso"]={cf=CFrame.new(0,0,0,1,0,0,0,1,0,0,0,1);es=Enum.PoseEasingStyle.Linear;ed=Enum.PoseEasingDirection.In;time=0.0416666679084301;};["Right Arm"]={cf=CFrame.new(-1.29640102e-05,4.51505184e-06,6.10351562e-05,0.342019588,-0.939692616,-1.27897692e-13,0.939692616,0.342019469,4.61852778e-14,0,-1.35003106e-13,1);es=Enum.PoseEasingStyle.Linear;ed=Enum.PoseEasingDirection.In;time=0.0416666679084301;};};{Time=0.0416666679084301;["HumanoidRootPart"]={cf=CFrame.new(0,0,0,1,0,0,0,1,0,0,0,1);es=Enum.PoseEasingStyle.Linear;ed=Enum.PoseEasingDirection.In;time=0.0416666679084301;};["Torso"]={cf=CFrame.new(0,0,0,1,0,0,0,1,0,0,z0,1);es=Enum.PoseEasingStyle.Linear;ed=Enum.PoseEasingDirection.In;time=0.0416666679084301;};["Right Arm"]={cf=CFrame.new(-2.38418579e-07,5.1856041e-06,0.000195980072,-0.0871565714,-0.936116636,-0.340718508,0.996194482,-0.0819002762,-0.029809501,2.38418565e-07,-0.342020035,0.939692557);es=Enum.PoseEasingStyle.Linear;ed=Enum.PoseEasingDirection.In;time=0.0416666679084301;};};{Time=0.0833333358168602;["HumanoidRootPart"]={cf=CFrame.new(0,0,0,1,0,0,0,1,0,0,0,1);es=Enum.PoseEasingStyle.Linear;ed=Enum.PoseEasingDirection.In;time=0.0416666641831398;};["Torso"]={cf=CFrame.new(0,0,0,1,0,0,0,1,0,0,0,1);es=Enum.PoseEasingStyle.Linear;ed=Enum.PoseEasingDirection.In;time=0.0416666641831398;};["Right Arm"]={cf=CFrame.new(1.01327896e-06,9.05990601e-06,0.000800967216,-0.60124135,-0.477986366,-0.640341938,0.657208145,-0.75162375,-0.0560242459,-0.454517514,-0.454522073,0.766043901);es=Enum.PoseEasingStyle.Linear;ed=Enum.PoseEasingDirection.In;time=0.0416666641831398;};};{Time=0.125;["HumanoidRootPart"]={cf=CFrame.new(0,0,0,1,0,0,0,1,0,0,0,1);es=Enum.PoseEasingStyle.Linear;ed=Enum.PoseEasingDirection.In;time=0.0416666716337204;};["Torso"]={cf=CFrame.new(0,0,0,0.99619472,0.0871554911,0,-0.0871554911,0.99619472,0,0,0,1);es=Enum.PoseEasingStyle.Constant;ed=Enum.PoseEasingDirection.In;time=0.0416666716337204;};["Right Arm"]={cf=CFrame.new(7.4505806e-06,1.22487545e-05,0.00134456158,-0.675102293,-0.12522684,-0.727017879,0.516715288,-0.783640206,-0.344837219,-0.526537776,-0.608461738,0.59374404);es=Enum.PoseEasingStyle.Linear;ed=Enum.PoseEasingDirection.In;time=0.0416666716337204;};};{Time=0.1666666716337204;["HumanoidRootPart"]={cf=CFrame.new(0,0,0,1,0,0,0,1,0,0,0,1);es=Enum.PoseEasingStyle.Linear;ed=Enum.PoseEasingDirection.In;time=0.041666656732559204;};["Torso"]={cf=CFrame.new(0,0,0,1,0,0,0,1,0,0,0,1);es=Enum.PoseEasingStyle.Linear;ed=Enum.PoseEasingDirection.In;time=0.041666656732559204;};["Right Arm"]={cf=CFrame.new(-1.5437603e-05,1.01327896e-05,0.00119996071,-0.680031061,-0.0948803499,-0.727018237,0.481118083,-0.805985093,-0.344837397,-0.55324769,-0.584281743,0.593743742);es=Enum.PoseEasingStyle.Linear;ed=Enum.PoseEasingDirection.In;time=0.041666656732559204;};};{Time=0.2083333283662796;["HumanoidRootPart"]={cf=CFrame.new(0,0,0,1,0,0,0,1,0,0,0,1);es=Enum.PoseEasingStyle.Linear;ed=Enum.PoseEasingDirection.In;time=0.0416666716337204;};["Torso"]={cf=CFrame.new(0,0,0,1,0,0,0,1,0,0,0,1);es=Enum.PoseEasingStyle.Linear;ed=Enum.PoseEasingDirection.In;time=0.0416666716337204;};["Right Arm"]={cf=CFrame.new(-4.10974026e-05,5.51342964e-06,0.00117695332,-0.682906687,-0.0712918267,-0.727018595,0.452939689,-0.822151184,-0.344837099,-0.573135316,-0.56478703,0.593744099);es=Enum.PoseEasingStyle.Linear;ed=Enum.PoseEasingDirection.In;time=0.0416666716337204;};};{Time=0.25;["HumanoidRootPart"]={cf=CFrame.new(0,0,0,1,0,0,0,1,0,0,0,1);es=Enum.PoseEasingStyle.Linear;ed=Enum.PoseEasingDirection.In;time=0.041666656732559204;};["Torso"]={cf=CFrame.new(0,0,0,1,0,0,0,1,0,0,0,1);es=Enum.PoseEasingStyle.Linear;ed=Enum.PoseEasingDirection.In;time=0.041666656732559204;};["Right Arm"]={cf=CFrame.new(-5.29885292e-05,5.51342964e-06,0.00101673603,-0.685016334,-0.0468685925,-0.727018535,0.423303515,-0.837795019,-0.344837934,-0.592930436,-0.543969035,0.593743205);es=Enum.PoseEasingStyle.Linear;ed=Enum.PoseEasingDirection.In;time=0.041666656732559204;};};{Time=0.2916666567325592;["HumanoidRootPart"]={cf=CFrame.new(0,0,0,1,0,0,0,1,0,0,0,1);es=Enum.PoseEasingStyle.Linear;ed=Enum.PoseEasingDirection.In;time=0.04166668653488159;};["Torso"]={cf=CFrame.new(0,0,0,1,0,0,0,1,0,0,0,1);es=Enum.PoseEasingStyle.Linear;ed=Enum.PoseEasingDirection.In;time=0.04166668653488159;};["Right Arm"]={cf=CFrame.new(-5.81145287e-05,3.60608101e-06,0.000956654549,-0.685688257,-0.0357186198,-0.727018476,0.409618914,-0.844569743,-0.344838649,-0.601700723,-0.534252226,0.593743145);es=Enum.PoseEasingStyle.Linear;ed=Enum.PoseEasingDirection.In;time=0.04166668653488159;};};{Time=0.3333333432674408;["HumanoidRootPart"]={cf=CFrame.new(0,0,0,1,0,0,0,1,0,0,0,1);es=Enum.PoseEasingStyle.Linear;ed=Enum.PoseEasingDirection.In;time=0.041666656732559204;};["Torso"]={cf=CFrame.new(0,0,0,1,0,0,0,1,0,0,0,1);es=Enum.PoseEasingStyle.Linear;ed=Enum.PoseEasingDirection.In;time=0.041666656732559204;};["Right Arm"]={cf=CFrame.new(-5.81145287e-05,3.60608101e-06,0.000956654549,-0.685688257,-0.0357186198,-0.727018476,0.409618914,-0.844569743,-0.344838649,-0.601700723,-0.534252226,0.593743145);es=Enum.PoseEasingStyle.Linear;ed=Enum.PoseEasingDirection.In;time=0.041666656732559204;};};{Time=0.375;["HumanoidRootPart"]={cf=CFrame.new(0,0,0,1,0,0,0,1,0,0,0,1);es=Enum.PoseEasingStyle.Linear;ed=Enum.PoseEasingDirection.In;time=0.041666656732559204;};["Torso"]={cf=CFrame.new(0,0,0,1,0,0,0,1,0,0,0,1);es=Enum.PoseEasingStyle.Linear;ed=Enum.PoseEasingDirection.In;time=0.041666656732559204;};["Right Arm"]={cf=CFrame.new(-5.81145287e-05,3.60608101e-06,0.000956654549,-0.685688257,-0.0357186198,-0.727018476,0.409618914,-0.844569743,-0.344838649,-0.601700723,-0.534252226,0.593743145);es=Enum.PoseEasingStyle.Linear;ed=Enum.PoseEasingDirection.In;time=0.041666656732559204;};};{Time=0.4166666567325592;["HumanoidRootPart"]={cf=CFrame.new(0,0,0,1,0,0,0,1,0,0,0,1);es=Enum.PoseEasingStyle.Linear;ed=Enum.PoseEasingDirection.In;time=0.04166668653488159;};["Torso"]={cf=CFrame.new(0,0,0,1,0,0,0,1,0,0,0,1);es=Enum.PoseEasingStyle.Linear;ed=Enum.PoseEasingDirection.In;time=0.04166668653488159;};["Right Arm"]={cf=CFrame.new(-5.81145287e-05,3.60608101e-06,0.000956654549,-0.685688257,-0.0357186198,-0.727018476,0.409618914,-0.844569743,-0.344838649,-0.601700723,-0.534252226,0.593743145);es=Enum.PoseEasingStyle.Linear;ed=Enum.PoseEasingDirection.In;time=0.04166668653488159;};};{Time=0.4583333432674408;["HumanoidRootPart"]={cf=CFrame.new(0,0,0,1,0,0,0,1,0,0,0,1);es=Enum.PoseEasingStyle.Linear;ed=Enum.PoseEasingDirection.In;time=0.4583333432674408;};["Torso"]={cf=CFrame.new(0,0,0,1,0,0,0,1,0,0,0,1);es=Enum.PoseEasingStyle.Linear;ed=Enum.PoseEasingDirection.In;time=0.4583333432674408;};["Right Arm"]={cf=CFrame.new(-2.22325325e-05,1.22650526e-05,-3.87430191e-05,-0.0220508501,-0.995702565,0.0899435952,0.999680936,-0.0230670311,-0.0102741364,0.0123047158,0.0896883458,0.995893776);es=Enum.PoseEasingStyle.Linear;ed=Enum.PoseEasingDirection.In;time=0.4583333432674408;};};}
