-- // converted using mech's animoduler
local cfr = CFrame.new

return {{tm=0;["HumanoidRootPart"]={tm=.033;cf=cfr(0,0,0,1,0,0,0,1,0,0,0,1);es="Linear";ed="In";};["StandHumanoidRootPart"]={tm=8.567;cf=cfr(0,0,0,1,0,0,0,1,0,0,0,1);es="Linear";ed="In";};["Stand Torso"]={tm=8.567;cf=cfr(0,0,0,1,0,0,0,1,0,0,0,1);es="Linear";ed="In";};["Stand Left Arm"]={tm=8.567;cf=cfr(0,0,0,1,0,0,0,1,0,0,0,1);es="Linear";ed="In";};["Stand Left Leg"]={tm=8.567;cf=cfr(0,0,0,1,0,0,0,1,0,0,0,1);es="Linear";ed="In";};["Stand Right Leg"]={tm=8.567;cf=cfr(0,0,0,1,0,0,0,1,0,0,0,1);es="Linear";ed="In";};["Stand Head"]={tm=8.567;cf=cfr(0,0,0,1,0,0,0,1,0,0,0,1);es="Linear";ed="In";};["Stand Right Arm"]={tm=8.567;cf=cfr(0,0,0,1,0,0,0,1,0,0,0,1);es="Linear";ed="In";};["Torso"]={tm=.033;cf=cfr(.011,-.695,-.156,.847,.529,.049,-.469,.788,-.399,-.25,.315,.915);es="Linear";ed="In";};["Left Leg"]={tm=.067;cf=cfr(-.019,.209,.037,.759,.311,.572,-.463,.876,.138,-.458,-.369,.809);es="Linear";ed="In";};["Part"]={tm=0;cf=cfr(0,-2024.707,0,1,0,0,0,1,0,0,0,1);es="Linear";ed="In";};["Left Arm"]={tm=.033;cf=cfr(-1.223,.586,.464,-.042,.776,.63,-.634,-.508,.583,.772,-.375,.513);es="Linear";ed="In";};["Head"]={tm=.067;cf=cfr(0,0,.017,.899,-.411,.154,.418,.908,-.014,-.134,.077,.988);es="Linear";ed="In";};["Right Leg"]={tm=.067;cf=cfr(.069,-.201,.01,.805,-.224,-.55,.17,.974,-.148,.568,.026,.822);es="Linear";ed="In";};["Part"]={tm=0;cf=cfr(0,-116.769,0,1,0,0,0,1,0,0,0,1);es="Linear";ed="In";};["Right Arm"]={tm=.05;cf=cfr(-.298,-.32,-.025,-.001,-.919,.394,.983,-.074,-.17,.185,.387,.903);es="Linear";ed="In";};};{tm=.033;["HumanoidRootPart"]={tm=.017;cf=cfr(0,0,0,1,0,0,0,1,0,0,0,1);es="Linear";ed="In";};["Torso"]={tm=.017;cf=cfr(0,0,0,1,0,0,0,1,0,0,0,1);es="Linear";ed="In";};["Left Arm"]={tm=.05;cf=cfr(-.812,.029,-.141,-.376,.924,-.074,-.682,-.222,.697,.627,.313,.714);es="Linear";ed="In";};};{tm=.05;["HumanoidRootPart"]={tm=.017;cf=cfr(0,0,0,1,0,0,0,1,0,0,0,1);es="Linear";ed="In";};["Torso"]={tm=.017;cf=cfr(0,0,0,1,0,0,0,1,0,0,0,1);es="Linear";ed="In";};["Right Arm"]={tm=.083;cf=cfr(-.276,-.372,-.024,-.132,-.92,.369,.984,-.166,-.061,.118,.355,.927);es="Linear";ed="In";};};{tm=.067;["HumanoidRootPart"]={tm=.016;cf=cfr(0,0,0,1,0,0,0,1,0,0,0,1);es="Linear";ed="In";};["Torso"]={tm=.016;cf=cfr(-.079,-.895,-.439,.176,.9,-.398,-.973,.097,-.211,-.151,.424,.893);es="Linear";ed="In";};["Left Leg"]={tm=.033;cf=cfr(-.016,.248,.036,.816,.141,.561,-.111,.99,-.087,-.568,.008,.823);es="Linear";ed="In";};["Head"]={tm=.066;cf=cfr(0,0,.017,.182,-.962,.202,.701,.271,.659,-.689,.022,.724);es="Linear";ed="In";};["Right Leg"]={tm=.033;cf=cfr(.405,.195,.116,.646,-.639,-.417,.574,.767,-.286,.503,-.054,.863);es="Linear";ed="In";};};{tm=.083;["HumanoidRootPart"]={tm=.017;cf=cfr(0,0,0,1,0,0,0,1,0,0,0,1);es="Linear";ed="In";};["Torso"]={tm=.017;cf=cfr(0,0,0,1,0,0,0,1,0,0,0,1);es="Linear";ed="In";};["Left Arm"]={tm=.117;cf=cfr(-.773,-.188,-.081,-.429,.626,-.651,-.627,.312,.713,.65,.715,.258);es="Linear";ed="In";};};{tm=.1;["HumanoidRootPart"]={tm=.033;cf=cfr(0,0,0,1,0,0,0,1,0,0,0,1);es="Linear";ed="In";};["Torso"]={tm=.033;cf=cfr(-.167,-.982,-.531,.106,.923,-.369,-.962,.001,-.274,-.252,.384,.888);es="Linear";ed="In";};["Left Leg"]={tm=.08299999999999999;cf=cfr(-.01,.389,.024,.819,.007,.574,-.04,.998,.046,-.572,-.061,.818);es="Linear";ed="In";};["Right Leg"]={tm=.08299999999999999;cf=cfr(.418,.177,.115,.715,-.59,-.375,.482,.804,-.347,.506,.067,.86);es="Linear";ed="In";};};{tm=.133;["HumanoidRootPart"]={tm=.04999999999999999;cf=cfr(0,0,0,1,0,0,0,1,0,0,0,1);es="Linear";ed="In";};["Torso"]={tm=.04999999999999999;cf=cfr(0,0,0,1,0,0,0,1,0,0,0,1);es="Linear";ed="In";};["Head"]={tm=.1;cf=cfr(0,0,.017,.164,-.973,.162,.963,.194,.187,-.213,.125,.969);es="Linear";ed="In";};["Right Arm"]={tm=.067;cf=cfr(-.249,-.441,-.022,-.251,-.911,.327,.967,-.248,.051,.034,.329,.944);es="Linear";ed="In";};};{tm=.183;["HumanoidRootPart"]={tm=.017000000000000015;cf=cfr(0,0,0,1,0,0,0,1,0,0,0,1);es="Linear";ed="In";};["Torso"]={tm=.017000000000000015;cf=cfr(-.3,-1.112,-.669,-.063,.892,-.448,-.884,-.259,-.39,-.464,.371,.804);es="Linear";ed="In";};["Left Leg"]={tm=.067;cf=cfr(-.023,.589,-.009,.819,-.086,.567,-.04,.978,.206,-.572,-.192,.797);es="Linear";ed="In";};["Right Leg"]={tm=.067;cf=cfr(.546,-.044,.107,.757,-.635,-.157,.44,.672,-.595,.483,.381,.788);es="Linear";ed="In";};};{tm=.2;["HumanoidRootPart"]={tm=.033;cf=cfr(0,0,0,1,0,0,0,1,0,0,0,1);es="Linear";ed="In";};["Torso"]={tm=.033;cf=cfr(0,0,0,1,0,0,0,1,0,0,0,1);es="Linear";ed="In";};["Left Arm"]={tm=.14999999999999997;cf=cfr(-.686,-.255,-.091,-.363,.607,-.707,-.578,.448,.682,.731,.656,.188);es="Linear";ed="In";};["Right Arm"]={tm=.09999999999999998;cf=cfr(-.253,-.441,-.02,-.05,-.929,.366,.995,-.079,-.065,.089,.361,.928);es="Linear";ed="In";};};{tm=.233;["HumanoidRootPart"]={tm=.016999999999999987;cf=cfr(0,0,0,1,0,0,0,1,0,0,0,1);es="Linear";ed="In";};["Torso"]={tm=.016999999999999987;cf=cfr(0,0,0,1,0,0,0,1,0,0,0,1);es="Linear";ed="In";};["Head"]={tm=.18399999999999997;cf=cfr(0,0,.017,.142,-.978,.156,.963,.1,-.249,.228,.185,.956);es="Linear";ed="In";};};{tm=.25;["HumanoidRootPart"]={tm=.04999999999999999;cf=cfr(0,0,0,1,0,0,0,1,0,0,0,1);es="Linear";ed="In";};["Torso"]={tm=.04999999999999999;cf=cfr(-.253,-1.112,-.669,-.127,.828,-.546,-.828,-.391,-.401,-.546,.402,.736);es="Linear";ed="In";};["Left Leg"]={tm=.067;cf=cfr(-.172,.699,.068,.822,-.07,.566,-.076,.97,.231,-.565,-.233,.792);es="Linear";ed="In";};["Right Leg"]={tm=.067;cf=cfr(.717,-.173,-.021,.711,-.703,-.024,.476,.505,-.72,.518,.5,.693);es="Linear";ed="In";};};{tm=.3;["HumanoidRootPart"]={tm=.017000000000000015;cf=cfr(0,0,0,1,0,0,0,1,0,0,0,1);es="Linear";ed="In";};["Torso"]={tm=.017000000000000015;cf=cfr(0,0,0,1,0,0,0,1,0,0,0,1);es="Linear";ed="In";};["Right Arm"]={tm=.04999999999999999;cf=cfr(-.256,-.441,-.019,.154,-.916,.37,.977,.086,-.195,.147,.392,.908);es="Linear";ed="In";};};{tm=.317;["HumanoidRootPart"]={tm=.032999999999999974;cf=cfr(0,0,0,1,0,0,0,1,0,0,0,1);es="Linear";ed="In";};["Torso"]={tm=.032999999999999974;cf=cfr(-.196,-1.112,-.669,-.158,.794,-.587,-.802,-.45,-.393,-.576,.408,.708);es="Linear";ed="In";};["Left Leg"]={tm=.08300000000000002;cf=cfr(-.196,.755,.068,.825,-.029,.565,-.127,.964,.235,-.551,-.265,.791);es="Linear";ed="In";};["Right Leg"]={tm=.08300000000000002;cf=cfr(.818,-.229,-.1,.681,-.731,.048,.492,.408,-.769,.542,.547,.638);es="Linear";ed="In";};};{tm=.35;["HumanoidRootPart"]={tm=.050000000000000044;cf=cfr(0,0,0,1,0,0,0,1,0,0,0,1);es="Linear";ed="In";};["Torso"]={tm=.050000000000000044;cf=cfr(0,0,0,1,0,0,0,1,0,0,0,1);es="Linear";ed="In";};["Left Arm"]={tm=.067;cf=cfr(-.648,-.283,-.095,-.286,.599,-.748,-.503,.57,.649,.816,.562,.139);es="Linear";ed="In";};["Right Arm"]={tm=.133;cf=cfr(-.256,-.441,-.019,.204,-.911,.359,.964,.124,-.234,.168,.393,.904);es="Linear";ed="In";};};{tm=.4;["HumanoidRootPart"]={tm=.01699999999999996;cf=cfr(0,0,0,1,0,0,0,1,0,0,0,1);es="Linear";ed="In";};["Torso"]={tm=.01699999999999996;cf=cfr(-.136,-1.112,-.669,-.154,.812,-.562,-.835,-.411,-.366,-.529,.413,.741);es="Linear";ed="In";};["Left Leg"]={tm=.09999999999999998;cf=cfr(-.196,.729,.073,.825,-.001,.565,-.121,.977,.178,-.552,-.215,.805);es="Linear";ed="In";};["Right Leg"]={tm=.09999999999999998;cf=cfr(.765,-.197,-.062,.643,-.766,.005,.515,.428,-.743,.567,.48,.669);es="Linear";ed="In";};};{tm=.417;["HumanoidRootPart"]={tm=.066;cf=cfr(0,0,0,1,0,0,0,1,0,0,0,1);es="Linear";ed="In";};["Torso"]={tm=.066;cf=cfr(0,0,0,1,0,0,0,1,0,0,0,1);es="Linear";ed="In";};["Left Arm"]={tm=.11600000000000005;cf=cfr(-.64,-.272,-.087,-.262,.587,-.766,-.478,.61,.632,.838,.531,.121);es="Linear";ed="In";};["Head"]={tm=.16599999999999998;cf=cfr(0,0,.017,.154,-.963,.223,.94,.073,-.332,.304,.26,.917);es="Linear";ed="In";};};{tm=.483;["HumanoidRootPart"]={tm=.017000000000000015;cf=cfr(0,0,0,1,0,0,0,1,0,0,0,1);es="Linear";ed="In";};["Torso"]={tm=.017000000000000015;cf=cfr(0,0,0,1,0,0,0,1,0,0,0,1);es="Linear";ed="In";};["Right Arm"]={tm=.09999999999999998;cf=cfr(-.25,-.425,-.016,.303,-.892,.336,.932,.204,-.299,.198,.404,.893);es="Linear";ed="In";};};{tm=.5;["HumanoidRootPart"]={tm=.03300000000000003;cf=cfr(0,0,0,1,0,0,0,1,0,0,0,1);es="Linear";ed="In";};["Torso"]={tm=.03300000000000003;cf=cfr(-.097,-1.112,-.669,-.135,.843,-.521,-.872,-.351,-.342,-.471,.408,.782);es="Linear";ed="In";};["Left Leg"]={tm=.08299999999999996;cf=cfr(-.196,.68,.081,.825,-.005,.564,-.078,.989,.123,-.559,-.146,.816);es="Linear";ed="In";};["Right Leg"]={tm=.08299999999999996;cf=cfr(.669,-.137,-.009,.618,-.782,-.076,.531,.487,-.693,.58,.388,.716);es="Linear";ed="In";};};{tm=.533;["HumanoidRootPart"]={tm=.04999999999999993;cf=cfr(0,0,0,1,0,0,0,1,0,0,0,1);es="Linear";ed="In";};["Torso"]={tm=.04999999999999993;cf=cfr(0,0,0,1,0,0,0,1,0,0,0,1);es="Linear";ed="In";};["Left Arm"]={tm=.04999999999999993;cf=cfr(-.622,-.246,-.082,-.231,.57,-.788,-.443,.659,.607,.866,.49,.1);es="Linear";ed="In";};};{tm=.583;["HumanoidRootPart"]={tm=.134;cf=cfr(0,0,0,1,0,0,0,1,0,0,0,1);es="Linear";ed="In";};["Torso"]={tm=.134;cf=cfr(-.026,-1.136,-.63,-.151,.835,-.529,-.872,-.365,-.326,-.465,.412,.783);es="Linear";ed="In";};["Left Leg"]={tm=.134;cf=cfr(-.205,.661,.088,.825,.041,.564,-.11,.99,.089,-.555,-.135,.821);es="Linear";ed="In";};["Left Arm"]={tm=.15000000000000002;cf=cfr(-.618,-.234,-.097,-.216,.615,-.758,-.474,.613,.632,.853,.496,.16);es="Linear";ed="In";};["Head"]={tm=.21700000000000008;cf=cfr(0,0,.017,.237,-.938,.255,.928,.14,-.346,.289,.318,.903);es="Linear";ed="In";};["Right Arm"]={tm=.18400000000000005;cf=cfr(-.229,-.39,-.012,.351,-.884,.309,.921,.266,-.285,.17,.384,.908);es="Linear";ed="In";};["Right Leg"]={tm=.134;cf=cfr(.724,-.158,-.04,.59,-.804,-.07,.548,.463,-.697,.593,.373,.714);es="Linear";ed="In";};};{tm=.717;["HumanoidRootPart"]={tm=.016000000000000014;cf=cfr(0,0,0,1,0,0,0,1,0,0,0,1);es="Linear";ed="In";};["Torso"]={tm=.016000000000000014;cf=cfr(.143,-1.193,-.513,-.149,.827,-.542,-.876,-.364,-.315,-.458,.429,.779);es="Linear";ed="In";};["Left Leg"]={tm=.11599999999999999;cf=cfr(-.24,.589,.106,.812,.167,.558,-.212,.977,.016,-.543,-.131,.829);es="Linear";ed="In";};["Right Leg"]={tm=.050000000000000044;cf=cfr(.806,-.131,-.154,.533,-.842,-.084,.579,.435,-.689,.617,.319,.72);es="Linear";ed="In";};};{tm=.733;["HumanoidRootPart"]={tm=.03400000000000003;cf=cfr(0,0,0,1,0,0,0,1,0,0,0,1);es="Linear";ed="In";};["Torso"]={tm=.03400000000000003;cf=cfr(0,0,0,1,0,0,0,1,0,0,0,1);es="Linear";ed="In";};["Left Arm"]={tm=.09999999999999998;cf=cfr(-.624,-.206,-.163,-.169,.817,-.551,-.634,.337,.696,.754,.467,.461);es="Linear";ed="In";};};{tm=.767;["HumanoidRootPart"]={tm=.03300000000000003;cf=cfr(0,0,0,1,0,0,0,1,0,0,0,1);es="Linear";ed="In";};["Torso"]={tm=.03300000000000003;cf=cfr(0,0,0,1,0,0,0,1,0,0,0,1);es="Linear";ed="In";};["Right Arm"]={tm=.21599999999999997;cf=cfr(-.143,-.256,0,.545,-.817,.188,.836,.51,-.204,.071,.268,.961);es="Linear";ed="In";};["Right Leg"]={tm=.09999999999999998;cf=cfr(.726,.011,-.226,.507,-.846,-.165,.596,.482,-.642,.623,.228,.749);es="Linear";ed="In";};};{tm=.8;["HumanoidRootPart"]={tm=.03299999999999992;cf=cfr(0,0,0,1,0,0,0,1,0,0,0,1);es="Linear";ed="In";};["Torso"]={tm=.03299999999999992;cf=cfr(0,0,0,1,0,0,0,1,0,0,0,1);es="Linear";ed="In";};["Head"]={tm=.18299999999999994;cf=cfr(0,0,.017,.563,-.793,.231,.778,.414,-.473,.28,.446,.85);es="Linear";ed="In";};};{tm=.833;["HumanoidRootPart"]={tm=.03400000000000003;cf=cfr(0,0,0,1,0,0,0,1,0,0,0,1);es="Linear";ed="In";};["Torso"]={tm=.03400000000000003;cf=cfr(.315,-1.247,-.348,-.016,.855,-.518,-.912,-.225,-.343,-.41,.467,.784);es="Linear";ed="In";};["Left Leg"]={tm=.15000000000000002;cf=cfr(-.301,.423,.12,.78,.307,.546,-.315,.946,-.082,-.541,-.108,.834);es="Linear";ed="In";};["Left Arm"]={tm=.134;cf=cfr(-.671,-.146,-.384,-.32,.697,-.641,-.678,.304,.669,.662,.649,.376);es="Linear";ed="In";};};{tm=.867;["HumanoidRootPart"]={tm=.08299999999999996;cf=cfr(0,0,0,1,0,0,0,1,0,0,0,1);es="Linear";ed="In";};["Torso"]={tm=.08299999999999996;cf=cfr(0,0,0,1,0,0,0,1,0,0,0,1);es="Linear";ed="In";};["Right Leg"]={tm=.08299999999999996;cf=cfr(.528,.352,-.401,.516,-.775,-.364,.666,.63,-.399,.538,-.036,.842);es="Linear";ed="In";};};{tm=.95;["HumanoidRootPart"]={tm=.017000000000000015;cf=cfr(0,0,0,1,0,0,0,1,0,0,0,1);es="Linear";ed="In";};["Torso"]={tm=.017000000000000015;cf=cfr(0,0,0,1,0,0,0,1,0,0,0,1);es="Linear";ed="In";};["Right Leg"]={tm=.06699999999999995;cf=cfr(.573,.538,-.501,.666,-.686,-.294,.7,.711,-.071,.257,-.158,.953);es="Linear";ed="In";};};{tm=.967;["HumanoidRootPart"]={tm=.016000000000000014;cf=cfr(0,0,0,1,0,0,0,1,0,0,0,1);es="Linear";ed="In";};["Torso"]={tm=.016000000000000014;cf=cfr(0,0,0,1,0,0,0,1,0,0,0,1);es="Linear";ed="In";};["Left Arm"]={tm=.13300000000000012;cf=cfr(-.712,-.256,-.632,-.636,.359,-.683,-.675,.17,.718,.374,.918,.134);es="Linear";ed="In";};};{tm=.983;["HumanoidRootPart"]={tm=.03399999999999992;cf=cfr(0,0,0,1,0,0,0,1,0,0,0,1);es="Linear";ed="In";};["Torso"]={tm=.03399999999999992;cf=cfr(.301,-1.37,-.184,.507,.786,-.354,-.839,.357,-.409,-.195,.505,.841);es="Linear";ed="In";};["Left Leg"]={tm=.08399999999999996;cf=cfr(-.381,.073,.06,.82,.281,.499,-.174,.952,-.251,-.546,.119,.829);es="Linear";ed="In";};["Head"]={tm=.16699999999999993;cf=cfr(0,0,.017,.783,-.61,.123,.582,.648,-.491,.22,.456,.863);es="Linear";ed="In";};["Right Arm"]={tm=.08399999999999996;cf=cfr(.117,-.168,-.016,.946,-.306,.111,.32,.936,-.147,-.059,.174,.983);es="Linear";ed="In";};};{tm=1.017;["HumanoidRootPart"]={tm=.050000000000000044;cf=cfr(0,0,0,1,0,0,0,1,0,0,0,1);es="Linear";ed="In";};["Torso"]={tm=.050000000000000044;cf=cfr(0,0,0,1,0,0,0,1,0,0,0,1);es="Linear";ed="In";};["Right Leg"]={tm=.050000000000000044;cf=cfr(.934,.449,-.458,.723,-.687,.077,.689,.725,-.002,-.054,.055,.997);es="Linear";ed="In";};};{tm=1.067;["HumanoidRootPart"]={tm=.03300000000000014;cf=cfr(0,0,0,1,0,0,0,1,0,0,0,1);es="Linear";ed="In";};["Torso"]={tm=.03300000000000014;cf=cfr(.22,-1.524,-.184,.647,.692,-.32,-.751,.506,-.425,-.132,.515,.847);es="Linear";ed="In";};["Left Leg"]={tm=.1160000000000001;cf=cfr(-.403,-.028,.039,.848,.199,.491,-.057,.956,-.288,-.527,.216,.822);es="Linear";ed="In";};["Right Arm"]={tm=.10000000000000009;cf=cfr(.117,-.168,-.016,.989,-.043,-.143,.049,.998,.034,.141,-.041,.989);es="Linear";ed="In";};["Right Leg"]={tm=.1160000000000001;cf=cfr(1.206,.672,-.444,.726,-.613,.311,.546,.79,.28,-.417,-.033,.908);es="Linear";ed="In";};};{tm=1.1;["HumanoidRootPart"]={tm=.04999999999999982;cf=cfr(0,0,0,1,0,0,0,1,0,0,0,1);es="Linear";ed="In";};["Torso"]={tm=.04999999999999982;cf=cfr(0,0,0,1,0,0,0,1,0,0,0,1);es="Linear";ed="In";};["Left Arm"]={tm=.11699999999999999;cf=cfr(-.739,-.48,-.853,-.823,-.167,-.543,-.556,.043,.83,-.116,.985,-.128);es="Linear";ed="In";};};{tm=1.15;["HumanoidRootPart"]={tm=.017000000000000126;cf=cfr(0,0,0,1,0,0,0,1,0,0,0,1);es="Linear";ed="In";};["Torso"]={tm=.017000000000000126;cf=cfr(0,0,0,1,0,0,0,1,0,0,0,1);es="Linear";ed="In";};["Head"]={tm=.10000000000000009;cf=cfr(0,0,.017,.956,-.274,-.103,.247,.944,-.22,.158,.185,.97);es="Linear";ed="In";};};{tm=1.167;["HumanoidRootPart"]={tm=.016000000000000014;cf=cfr(0,0,0,1,0,0,0,1,0,0,0,1);es="Linear";ed="In";};["Torso"]={tm=.016000000000000014;cf=cfr(0,0,0,1,0,0,0,1,0,0,0,1);es="Linear";ed="In";};["Right Arm"]={tm=.08299999999999996;cf=cfr(-.051,-.263,-.098,.606,.021,-.795,.274,.933,.234,.746,-.36,.56);es="Linear";ed="In";};};{tm=1.183;["HumanoidRootPart"]={tm=.03400000000000003;cf=cfr(0,0,0,1,0,0,0,1,0,0,0,1);es="Linear";ed="In";};["Torso"]={tm=.03400000000000003;cf=cfr(.155,-1.726,-.184,.86,.464,-.212,-.509,.747,-.429,-.041,.476,.878);es="Linear";ed="In";};["Left Leg"]={tm=.09999999999999987;cf=cfr(-.36,.334,.14,.864,.112,.491,.039,.957,-.288,-.502,.268,.822);es="Linear";ed="In";};["Right Leg"]={tm=.06699999999999995;cf=cfr(1.009,.546,-.335,.87,-.433,.236,.316,.857,.407,-.378,-.279,.882);es="Linear";ed="In";};};{tm=1.217;["HumanoidRootPart"]={tm=.03299999999999992;cf=cfr(0,0,0,1,0,0,0,1,0,0,0,1);es="Linear";ed="In";};["Torso"]={tm=.03299999999999992;cf=cfr(0,0,0,1,0,0,0,1,0,0,0,1);es="Linear";ed="In";};["Left Arm"]={tm=.11599999999999988;cf=cfr(-.631,-.521,-1.026,-.761,-.518,-.39,-.55,.197,.812,-.344,.832,-.435);es="Linear";ed="In";};};{tm=1.25;["HumanoidRootPart"]={tm=.03299999999999992;cf=cfr(0,0,0,1,0,0,0,1,0,0,0,1);es="Linear";ed="In";};["Torso"]={tm=.03299999999999992;cf=cfr(.155,-1.83,-.184,.962,.25,-.111,-.273,.877,-.396,-.002,.411,.911);es="Linear";ed="In";};["Head"]={tm=.1499999999999999;cf=cfr(0,0,.017,.986,-.023,-.167,.046,.99,.131,.162,-.137,.977);es="Linear";ed="In";};["Right Arm"]={tm=.10000000000000009;cf=cfr(-.471,-.498,-.303,.342,-.39,-.855,.818,.571,.066,.462,-.722,.514);es="Linear";ed="In";};["Right Leg"]={tm=.06699999999999995;cf=cfr(.916,.438,-.26,.943,-.235,.237,.124,.906,.405,-.31,-.353,.883);es="Linear";ed="In";};};{tm=1.283;["HumanoidRootPart"]={tm=.03400000000000003;cf=cfr(0,0,0,1,0,0,0,1,0,0,0,1);es="Linear";ed="In";};["Torso"]={tm=.03400000000000003;cf=cfr(0,0,0,1,0,0,0,1,0,0,0,1);es="Linear";ed="In";};["Left Leg"]={tm=.13400000000000012;cf=cfr(-.699,.668,.3,.871,-.076,.486,.191,.963,-.191,-.453,.26,.853);es="Linear";ed="In";};};{tm=1.317;["HumanoidRootPart"]={tm=.016000000000000014;cf=cfr(0,0,0,1,0,0,0,1,0,0,0,1);es="Linear";ed="In";};["Torso"]={tm=.016000000000000014;cf=cfr(.104,-2.086,-.2,.988,.153,-.036,-.156,.928,-.339,-.019,.34,.94);es="Linear";ed="In";};["Right Leg"]={tm=.10000000000000009;cf=cfr(.919,.246,-.202,.969,.058,.242,-.128,.949,.286,-.213,-.308,.927);es="Linear";ed="In";};};{tm=1.333;["HumanoidRootPart"]={tm=.017000000000000126;cf=cfr(0,0,0,1,0,0,0,1,0,0,0,1);es="Linear";ed="In";};["Torso"]={tm=.017000000000000126;cf=cfr(0,0,0,1,0,0,0,1,0,0,0,1);es="Linear";ed="In";};["Left Arm"]={tm=.19999999999999996;cf=cfr(-.695,-.495,-.917,-.711,-.649,-.272,-.537,.252,.805,-.454,.718,-.528);es="Linear";ed="In";};};{tm=1.35;["HumanoidRootPart"]={tm=.04999999999999982;cf=cfr(0,0,0,1,0,0,0,1,0,0,0,1);es="Linear";ed="In";};["Torso"]={tm=.04999999999999982;cf=cfr(0,0,0,1,0,0,0,1,0,0,0,1);es="Linear";ed="In";};["Right Arm"]={tm=.04999999999999982;cf=cfr(-.265,-.551,-.262,-.088,-.543,-.835,.967,.155,-.203,.24,-.825,.511);es="Linear";ed="In";};};{tm=1.4;["HumanoidRootPart"]={tm=.017000000000000126;cf=cfr(0,0,0,1,0,0,0,1,0,0,0,1);es="Linear";ed="In";};["Torso"]={tm=.017000000000000126;cf=cfr(0,0,0,1,0,0,0,1,0,0,0,1);es="Linear";ed="In";};["Head"]={tm=.16700000000000004;cf=cfr(0,0,.017,.964,-.142,.226,-.009,.83,.558,-.267,-.54,.798);es="Linear";ed="In";};["Right Arm"]={tm=.11699999999999999;cf=cfr(-.129,-.445,-.259,.273,-.404,-.873,.96,.171,.221,.06,-.899,.435);es="Linear";ed="In";};};{tm=1.417;["HumanoidRootPart"]={tm=.08299999999999996;cf=cfr(0,0,0,1,0,0,0,1,0,0,0,1);es="Linear";ed="In";};["Torso"]={tm=.08299999999999996;cf=cfr(-.059,-2.525,-.291,1,.012,.028,-.004,.96,-.279,-.03,.279,.96);es="Linear";ed="In";};["Left Leg"]={tm=.08299999999999996;cf=cfr(-.674,.411,.281,.93,.278,.241,-.289,.957,.011,-.228,-.08,.97);es="Linear";ed="In";};["Right Leg"]={tm=.09999999999999987;cf=cfr(.755,-.052,-.127,.898,.403,.176,-.423,.901,.097,-.12,-.161,.98);es="Linear";ed="In";};};{tm=1.5;["HumanoidRootPart"]={tm=.016999999999999904;cf=cfr(0,0,0,1,0,0,0,1,0,0,0,1);es="Linear";ed="In";};["Torso"]={tm=.016999999999999904;cf=cfr(-.231,-2.912,-.395,.993,-.101,.06,.113,.964,-.241,-.033,.246,.969);es="Linear";ed="In";};["Left Leg"]={tm=.10000000000000009;cf=cfr(-.646,.522,.277,.963,.091,.254,-.127,.983,.132,-.238,-.159,.958);es="Linear";ed="In";};};{tm=1.517;["HumanoidRootPart"]={tm=.016000000000000014;cf=cfr(0,0,0,1,0,0,0,1,0,0,0,1);es="Linear";ed="In";};["Torso"]={tm=.016000000000000014;cf=cfr(0,0,0,1,0,0,0,1,0,0,0,1);es="Linear";ed="In";};["Right Arm"]={tm=.1160000000000001;cf=cfr(.218,-.319,-.248,.493,-.386,-.78,.865,.315,.39,.095,-.867,.489);es="Linear";ed="In";};["Right Leg"]={tm=.10000000000000009;cf=cfr(.982,.25,-.198,.676,.716,.176,-.735,.671,.097,-.049,-.195,.98);es="Linear";ed="In";};};{tm=1.533;["HumanoidRootPart"]={tm=.03400000000000003;cf=cfr(0,0,0,1,0,0,0,1,0,0,0,1);es="Linear";ed="In";};["Torso"]={tm=.03400000000000003;cf=cfr(0,0,0,1,0,0,0,1,0,0,0,1);es="Linear";ed="In";};["Left Arm"]={tm=.21700000000000008;cf=cfr(-.794,-.516,-.748,-.665,-.593,-.453,-.524,-.061,.849,-.532,.803,-.27);es="Linear";ed="In";};};{tm=1.567;["HumanoidRootPart"]={tm=.03300000000000014;cf=cfr(0,0,0,1,0,0,0,1,0,0,0,1);es="Linear";ed="In";};["Torso"]={tm=.03300000000000014;cf=cfr(0,0,0,1,0,0,0,1,0,0,0,1);es="Linear";ed="In";};["Head"]={tm=.08299999999999996;cf=cfr(0,0,.017,.835,.085,.544,-.193,.971,.145,-.516,-.225,.826);es="Linear";ed="In";};};{tm=1.6;["HumanoidRootPart"]={tm=.016999999999999904;cf=cfr(0,0,0,1,0,0,0,1,0,0,0,1);es="Linear";ed="In";};["Torso"]={tm=.016999999999999904;cf=cfr(-.601,-3.407,-.546,.999,.02,.036,-.01,.962,-.274,-.04,.274,.961);es="Linear";ed="In";};["Left Leg"]={tm=.06699999999999995;cf=cfr(-.31,.553,.161,.963,-.044,.265,-.073,.906,.418,-.258,-.422,.869);es="Linear";ed="In";};};{tm=1.617;["HumanoidRootPart"]={tm=.016000000000000014;cf=cfr(0,0,0,1,0,0,0,1,0,0,0,1);es="Linear";ed="In";};["Torso"]={tm=.016000000000000014;cf=cfr(0,0,0,1,0,0,0,1,0,0,0,1);es="Linear";ed="In";};["Right Leg"]={tm=.1160000000000001;cf=cfr(1.152,.944,-.128,.933,.357,-.048,-.36,.929,-.088,.013,.099,.995);es="Linear";ed="In";};};{tm=1.633;["HumanoidRootPart"]={tm=.016999999999999904;cf=cfr(0,0,0,1,0,0,0,1,0,0,0,1);es="Linear";ed="In";};["Torso"]={tm=.016999999999999904;cf=cfr(0,0,0,1,0,0,0,1,0,0,0,1);es="Linear";ed="In";};["Right Arm"]={tm=.08400000000000007;cf=cfr(.286,-.391,-.186,.757,-.631,-.168,.566,.506,.651,-.327,-.588,.74);es="Linear";ed="In";};};{tm=1.65;["HumanoidRootPart"]={tm=.017000000000000126;cf=cfr(0,0,0,1,0,0,0,1,0,0,0,1);es="Linear";ed="In";};["Torso"]={tm=.017000000000000126;cf=cfr(0,0,0,1,0,0,0,1,0,0,0,1);es="Linear";ed="In";};["Head"]={tm=.18300000000000005;cf=cfr(0,0,.017,.874,.191,.447,-.196,.98,-.036,-.445,-.056,.894);es="Linear";ed="In";};};{tm=1.667;["HumanoidRootPart"]={tm=.050000000000000044;cf=cfr(0,0,0,1,0,0,0,1,0,0,0,1);es="Linear";ed="In";};["Torso"]={tm=.050000000000000044;cf=cfr(-.73,-3.623,-.599,.987,.158,.017,-.145,.94,-.31,-.065,.303,.951);es="Linear";ed="In";};["Left Leg"]={tm=.06600000000000006;cf=cfr(-.314,.491,.198,.938,-.236,.253,.087,.867,.49,-.335,-.438,.834);es="Linear";ed="In";};};{tm=1.717;["HumanoidRootPart"]={tm=.016000000000000014;cf=cfr(0,0,0,1,0,0,0,1,0,0,0,1);es="Linear";ed="In";};["Torso"]={tm=.016000000000000014;cf=cfr(0,0,0,1,0,0,0,1,0,0,0,1);es="Linear";ed="In";};["Right Arm"]={tm=.04999999999999982;cf=cfr(.165,-.46,-.117,.737,-.668,.102,.478,.622,.621,-.478,-.409,.777);es="Linear";ed="In";};};{tm=1.733;["HumanoidRootPart"]={tm=.016999999999999904;cf=cfr(0,0,0,1,0,0,0,1,0,0,0,1);es="Linear";ed="In";};["Torso"]={tm=.016999999999999904;cf=cfr(-.792,-3.741,-.628,.967,.255,-.009,-.244,.915,-.321,-.074,.313,.947);es="Linear";ed="In";};["Left Leg"]={tm=.08399999999999985;cf=cfr(-.282,.413,.234,.901,-.356,.247,.194,.843,.502,-.387,-.405,.828);es="Linear";ed="In";};["Right Leg"]={tm=.08399999999999985;cf=cfr(.628,.653,-.16,.927,-.371,-.05,.375,.918,.131,-.003,-.14,.99);es="Linear";ed="In";};};{tm=1.75;["HumanoidRootPart"]={tm=.016999999999999904;cf=cfr(0,0,0,1,0,0,0,1,0,0,0,1);es="Linear";ed="In";};["Torso"]={tm=.016999999999999904;cf=cfr(0,0,0,1,0,0,0,1,0,0,0,1);es="Linear";ed="In";};["Left Arm"]={tm=.11699999999999999;cf=cfr(-.821,-.427,-.483,-.744,-.501,-.442,-.544,.069,.836,-.388,.863,-.324);es="Linear";ed="In";};};{tm=1.767;["HumanoidRootPart"]={tm=.050000000000000044;cf=cfr(0,0,0,1,0,0,0,1,0,0,0,1);es="Linear";ed="In";};["Torso"]={tm=.050000000000000044;cf=cfr(0,0,0,1,0,0,0,1,0,0,0,1);es="Linear";ed="In";};["Right Arm"]={tm=.050000000000000044;cf=cfr(.081,-.489,-.086,.761,-.64,.109,.484,.671,.561,-.432,-.374,.82);es="Linear";ed="In";};};{tm=1.817;["HumanoidRootPart"]={tm=.016000000000000014;cf=cfr(0,0,0,1,0,0,0,1,0,0,0,1);es="Linear";ed="In";};["Torso"]={tm=.016000000000000014;cf=cfr(-.828,-3.812,-.645,.944,.33,-.025,-.322,.899,-.295,-.075,.286,.955);es="Linear";ed="In";};["Left Leg"]={tm=.10000000000000009;cf=cfr(-.665,.792,.115,.812,-.519,.268,.362,.807,.466,-.458,-.281,.843);es="Linear";ed="In";};["Right Arm"]={tm=.1160000000000001;cf=cfr(.026,-.508,-.065,.804,-.589,.084,.478,.724,.497,-.354,-.36,.863);es="Linear";ed="In";};["Right Leg"]={tm=.050000000000000044;cf=cfr(.627,.658,-.161,.946,-.322,-.039,.324,.941,.098,.005,-.105,.994);es="Linear";ed="In";};};{tm=1.833;["HumanoidRootPart"]={tm=.03400000000000003;cf=cfr(0,0,0,1,0,0,0,1,0,0,0,1);es="Linear";ed="In";};["Torso"]={tm=.03400000000000003;cf=cfr(0,0,0,1,0,0,0,1,0,0,0,1);es="Linear";ed="In";};["Head"]={tm=.08400000000000007;cf=cfr(0,0,.017,.986,-.147,.083,.168,.913,-.372,-.021,.381,.924);es="Linear";ed="In";};};{tm=1.867;["HumanoidRootPart"]={tm=.050000000000000044;cf=cfr(0,0,0,1,0,0,0,1,0,0,0,1);es="Linear";ed="In";};["Torso"]={tm=.050000000000000044;cf=cfr(-.826,-3.807,-.642,.933,.359,-.02,-.351,.897,-.268,-.078,.257,.963);es="Linear";ed="In";};["Left Arm"]={tm=.20000000000000018;cf=cfr(-.669,-.409,-.274,-.811,-.172,-.56,-.583,.152,.798,-.052,.973,-.223);es="Linear";ed="In";};["Right Leg"]={tm=.06600000000000006;cf=cfr(.633,.637,-.159,.954,-.296,-.033,.298,.951,.079,.008,-.086,.996);es="Linear";ed="In";};};{tm=1.917;["HumanoidRootPart"]={tm=.016000000000000014;cf=cfr(0,0,0,1,0,0,0,1,0,0,0,1);es="Linear";ed="In";};["Torso"]={tm=.016000000000000014;cf=cfr(0,0,0,1,0,0,0,1,0,0,0,1);es="Linear";ed="In";};["Left Leg"]={tm=.03299999999999992;cf=cfr(-.806,.968,.051,.831,-.463,.307,.334,.858,.39,-.444,-.221,.868);es="Linear";ed="In";};["Head"]={tm=.08299999999999996;cf=cfr(0,0,.017,.958,-.279,-.057,.224,.861,-.456,.177,.425,.888);es="Linear";ed="In";};};{tm=1.933;["HumanoidRootPart"]={tm=.016999999999999904;cf=cfr(0,0,0,1,0,0,0,1,0,0,0,1);es="Linear";ed="In";};["Torso"]={tm=.016999999999999904;cf=cfr(-.819,-3.789,-.634,.917,.399,-.009,-.39,.89,-.235,-.086,.219,.972);es="Linear";ed="In";};["Right Arm"]={tm=.16700000000000004;cf=cfr(.021,-.484,-.063,.927,-.373,-.038,.357,.845,.397,-.116,-.382,.917);es="Linear";ed="In";};["Right Leg"]={tm=.09999999999999987;cf=cfr(.645,.596,-.157,.962,-.273,-.024,.274,.96,.051,.009,-.056,.998);es="Linear";ed="In";};};{tm=1.95;["HumanoidRootPart"]={tm=.050000000000000044;cf=cfr(0,0,0,1,0,0,0,1,0,0,0,1);es="Linear";ed="In";};["Torso"]={tm=.050000000000000044;cf=cfr(0,0,0,1,0,0,0,1,0,0,0,1);es="Linear";ed="In";};["Left Leg"]={tm=.050000000000000044;cf=cfr(-.746,.934,.056,.877,-.36,.318,.244,.904,.35,-.413,-.23,.881);es="Linear";ed="In";};};{tm=2;["HumanoidRootPart"]={tm=.03299999999999992;cf=cfr(0,0,0,1,0,0,0,1,0,0,0,1);es="Linear";ed="In";};["Torso"]={tm=.03299999999999992;cf=cfr(0,0,0,1,0,0,0,1,0,0,0,1);es="Linear";ed="In";};["Left Leg"]={tm=.03299999999999992;cf=cfr(-.653,.849,.092,.924,-.203,.325,.105,.95,.295,-.369,-.238,.899);es="Linear";ed="In";};["Head"]={tm=.08300000000000018;cf=cfr(0,0,.017,.923,-.369,-.109,.277,.834,-.476,.266,.41,.872);es="Linear";ed="In";};};{tm=2.033;["HumanoidRootPart"]={tm=.03400000000000025;cf=cfr(0,0,0,1,0,0,0,1,0,0,0,1);es="Linear";ed="In";};["Torso"]={tm=.03400000000000025;cf=cfr(-.806,-3.755,-.62,.899,.438,.009,-.428,.882,-.195,-.093,.172,.981);es="Linear";ed="In";};["Left Leg"]={tm=.1339999999999999;cf=cfr(-.584,.746,.153,.94,-.103,.326,.014,.964,.264,-.342,-.243,.908);es="Linear";ed="In";};["Right Leg"]={tm=.1339999999999999;cf=cfr(.659,.54,-.156,.969,-.246,-.017,.246,.969,.022,.011,-.026,1);es="Linear";ed="In";};};{tm=2.067;["HumanoidRootPart"]={tm=.016000000000000014;cf=cfr(0,0,0,1,0,0,0,1,0,0,0,1);es="Linear";ed="In";};["Torso"]={tm=.016000000000000014;cf=cfr(0,0,0,1,0,0,0,1,0,0,0,1);es="Linear";ed="In";};["Left Arm"]={tm=.08299999999999974;cf=cfr(-.395,-.416,.331,-.476,.486,-.733,-.469,.564,.679,.743,.668,-.041);es="Linear";ed="In";};};{tm=2.083;["HumanoidRootPart"]={tm=.016999999999999904;cf=cfr(0,0,0,1,0,0,0,1,0,0,0,1);es="Linear";ed="In";};["Torso"]={tm=.016999999999999904;cf=cfr(0,0,0,1,0,0,0,1,0,0,0,1);es="Linear";ed="In";};["Head"]={tm=.11699999999999999;cf=cfr(0,0,.017,.933,-.337,-.128,.242,.848,-.471,.267,.408,.873);es="Linear";ed="In";};};{tm=2.1;["HumanoidRootPart"]={tm=.04999999999999982;cf=cfr(0,0,0,1,0,0,0,1,0,0,0,1);es="Linear";ed="In";};["Torso"]={tm=.04999999999999982;cf=cfr(0,0,0,1,0,0,0,1,0,0,0,1);es="Linear";ed="In";};["Right Arm"]={tm=.18299999999999983;cf=cfr(.007,-.403,-.056,.997,-.073,-.037,.082,.932,.353,.009,-.355,.935);es="Linear";ed="In";};};{tm=2.15;["HumanoidRootPart"]={tm=.016999999999999904;cf=cfr(0,0,0,1,0,0,0,1,0,0,0,1);es="Linear";ed="In";};["Torso"]={tm=.016999999999999904;cf=cfr(0,0,0,1,0,0,0,1,0,0,0,1);es="Linear";ed="In";};["Left Arm"]={tm=.133;cf=cfr(-.306,-.434,.363,-.176,.612,-.771,-.401,.671,.623,.899,.419,.128);es="Linear";ed="In";};};{tm=2.167;["HumanoidRootPart"]={tm=.03300000000000036;cf=cfr(0,0,0,1,0,0,0,1,0,0,0,1);es="Linear";ed="In";};["Torso"]={tm=.03300000000000036;cf=cfr(-.795,-3.726,-.609,.922,.386,.001,-.379,.906,-.188,-.073,.173,.982);es="Linear";ed="In";};["Left Leg"]={tm=.1160000000000001;cf=cfr(-.716,.726,.206,.935,-.123,.333,.05,.974,.219,-.352,-.188,.917);es="Linear";ed="In";};["Right Leg"]={tm=.1160000000000001;cf=cfr(.655,.556,-.157,.969,-.245,-.029,.246,.967,.069,.011,-.074,.997);es="Linear";ed="In";};};{tm=2.2;["HumanoidRootPart"]={tm=.08299999999999974;cf=cfr(0,0,0,1,0,0,0,1,0,0,0,1);es="Linear";ed="In";};["Torso"]={tm=.08299999999999974;cf=cfr(0,0,0,1,0,0,0,1,0,0,0,1);es="Linear";ed="In";};["Head"]={tm=.18299999999999983;cf=cfr(0,0,.017,.941,-.305,-.148,.208,.864,-.459,.267,.401,.876);es="Linear";ed="In";};};{tm=2.283;["HumanoidRootPart"]={tm=.08400000000000007;cf=cfr(0,0,0,1,0,0,0,1,0,0,0,1);es="Linear";ed="In";};["Torso"]={tm=.08400000000000007;cf=cfr(-.798,-3.733,-.611,.948,.317,-.019,-.313,.926,-.208,-.049,.204,.978);es="Linear";ed="In";};["Left Leg"]={tm=.08400000000000007;cf=cfr(-.716,.728,.206,.938,-.053,.342,-.001,.987,.158,-.346,-.149,.926);es="Linear";ed="In";};["Left Arm"]={tm=.08400000000000007;cf=cfr(-.134,-.409,.279,.375,.57,-.731,-.267,.821,.504,.888,.006,.46);es="Linear";ed="In";};["Right Arm"]={tm=.08400000000000007;cf=cfr(.027,-.398,-.063,.961,-.065,-.268,.127,.967,.22,.245,-.246,.938);es="Linear";ed="In";};["Right Leg"]={tm=.08400000000000007;cf=cfr(.642,.607,-.164,.967,-.25,-.044,.254,.959,.128,.01,-.135,.991);es="Linear";ed="In";};};{tm=2.367;["HumanoidRootPart"]={tm=.016000000000000014;cf=cfr(0,0,0,1,0,0,0,1,0,0,0,1);es="Linear";ed="In";};["Torso"]={tm=.016000000000000014;cf=cfr(-.801,-3.746,-.615,.958,.285,-.043,-.286,.927,-.243,-.029,.245,.969);es="Linear";ed="In";};["Left Leg"]={tm=.06599999999999984;cf=cfr(-.716,.734,.205,.94,.004,.341,-.045,.993,.111,-.338,-.12,.933);es="Linear";ed="In";};["Left Arm"]={tm=.06599999999999984;cf=cfr(-.041,-.363,.151,.599,.452,-.661,-.206,.885,.418,.774,-.114,.623);es="Linear";ed="In";};["Right Arm"]={tm=.18299999999999983;cf=cfr(.027,-.398,-.063,.969,-.078,-.236,.132,.965,.224,.211,-.249,.945);es="Linear";ed="In";};["Right Leg"]={tm=.10000000000000009;cf=cfr(.627,.65,-.172,.957,-.284,-.055,.289,.943,.164,.006,-.173,.985);es="Linear";ed="In";};};{tm=2.383;["HumanoidRootPart"]={tm=.04999999999999982;cf=cfr(0,0,0,1,0,0,0,1,0,0,0,1);es="Linear";ed="In";};["Torso"]={tm=.04999999999999982;cf=cfr(0,0,0,1,0,0,0,1,0,0,0,1);es="Linear";ed="In";};["Head"]={tm=.11699999999999999;cf=cfr(0,0,.017,.958,-.223,-.18,.141,.913,-.383,.25,.342,.906);es="Linear";ed="In";};};{tm=2.433;["HumanoidRootPart"]={tm=.03400000000000025;cf=cfr(0,0,0,1,0,0,0,1,0,0,0,1);es="Linear";ed="In";};["Torso"]={tm=.03400000000000025;cf=cfr(-.837,-3.82,-.635,.969,.243,-.036,-.243,.931,-.273,-.033,.273,.961);es="Linear";ed="In";};["Left Leg"]={tm=.20000000000000018;cf=cfr(-.715,.765,.201,.94,.018,.341,-.06,.992,.113,-.336,-.126,.933);es="Linear";ed="In";};["Left Arm"]={tm=.30000000000000027;cf=cfr(-.014,-.349,.113,.762,.39,-.516,-.216,.905,.366,.61,-.168,.774);es="Linear";ed="In";};};{tm=2.467;["HumanoidRootPart"]={tm=.03299999999999992;cf=cfr(0,0,0,1,0,0,0,1,0,0,0,1);es="Linear";ed="In";};["Torso"]={tm=.03299999999999992;cf=cfr(0,0,0,1,0,0,0,1,0,0,0,1);es="Linear";ed="In";};["Right Leg"]={tm=.1499999999999999;cf=cfr(.745,.939,-.194,.997,-.066,-.049,.072,.987,.141,.039,-.144,.989);es="Linear";ed="In";};};{tm=2.5;["HumanoidRootPart"]={tm=.04999999999999982;cf=cfr(0,0,0,1,0,0,0,1,0,0,0,1);es="Linear";ed="In";};["Torso"]={tm=.04999999999999982;cf=cfr(0,0,0,1,0,0,0,1,0,0,0,1);es="Linear";ed="In";};["Head"]={tm=.21700000000000008;cf=cfr(0,0,.017,.971,-.126,-.205,.062,.954,-.294,.232,.273,.934);es="Linear";ed="In";};};{tm=2.55;["HumanoidRootPart"]={tm=.06700000000000017;cf=cfr(0,0,0,1,0,0,0,1,0,0,0,1);es="Linear";ed="In";};["Torso"]={tm=.06700000000000017;cf=cfr(0,0,0,1,0,0,0,1,0,0,0,1);es="Linear";ed="In";};["Right Arm"]={tm=.08300000000000018;cf=cfr(.054,-.229,-.077,.99,-.033,-.139,.049,.992,.119,.134,-.124,.983);es="Linear";ed="In";};};{tm=2.617;["HumanoidRootPart"]={tm=.016000000000000014;cf=cfr(0,0,0,1,0,0,0,1,0,0,0,1);es="Linear";ed="In";};["Torso"]={tm=.016000000000000014;cf=cfr(0,0,0,1,0,0,0,1,0,0,0,1);es="Linear";ed="In";};["Right Leg"]={tm=.1160000000000001;cf=cfr(.833,1.071,-.214,.998,-.028,-.056,.035,.992,.125,.052,-.127,.991);es="Linear";ed="In";};};{tm=2.633;["HumanoidRootPart"]={tm=.08400000000000007;cf=cfr(0,0,0,1,0,0,0,1,0,0,0,1);es="Linear";ed="In";};["Torso"]={tm=.08400000000000007;cf=cfr(-1.138,-4.379,-.785,.984,.003,.179,.068,.918,-.391,-.166,.397,.903);es="Linear";ed="In";};["Left Leg"]={tm=.10000000000000009;cf=cfr(-.731,1.063,.083,.94,-.053,.336,-.094,.908,.408,-.326,-.416,.849);es="Linear";ed="In";};["Right Arm"]={tm=.25;cf=cfr(-.184,-.093,-.17,.948,-.255,-.189,.28,.952,.124,.148,-.171,.974);es="Linear";ed="In";};};{tm=2.717;["HumanoidRootPart"]={tm=.016000000000000014;cf=cfr(0,0,0,1,0,0,0,1,0,0,0,1);es="Linear";ed="In";};["Torso"]={tm=.016000000000000014;cf=cfr(0,0,0,1,0,0,0,1,0,0,0,1);es="Linear";ed="In";};["Head"]={tm=.08299999999999974;cf=cfr(0,0,.017,.979,.025,-.201,-.039,.997,-.069,.199,.075,.977);es="Linear";ed="In";};};{tm=2.733;["HumanoidRootPart"]={tm=.03399999999999981;cf=cfr(0,0,0,1,0,0,0,1,0,0,0,1);es="Linear";ed="In";};["Torso"]={tm=.03399999999999981;cf=cfr(-1.33,-4.799,-.866,.972,-.213,.102,.237,.88,-.411,-.002,.423,.906);es="Linear";ed="In";};["Left Leg"]={tm=.10000000000000009;cf=cfr(-.723,.924,.13,.938,-.082,.337,-.052,.928,.37,-.343,-.364,.866);es="Linear";ed="In";};["Left Arm"]={tm=.19999999999999973;cf=cfr(-.036,-.326,.038,.99,.034,-.14,.004,.965,.263,.143,-.261,.955);es="Linear";ed="In";};["Right Leg"]={tm=.03399999999999981;cf=cfr(.329,.983,-.252,.954,-.292,-.073,.299,.946,.123,.033,-.139,.99);es="Linear";ed="In";};};{tm=2.767;["HumanoidRootPart"]={tm=.03299999999999992;cf=cfr(0,0,0,1,0,0,0,1,0,0,0,1);es="Linear";ed="In";};["Torso"]={tm=.03299999999999992;cf=cfr(0,0,0,1,0,0,0,1,0,0,0,1);es="Linear";ed="In";};["Right Leg"]={tm=.06600000000000028;cf=cfr(.248,.998,-.28,.942,-.324,-.089,.334,.931,.146,.035,-.167,.985);es="Linear";ed="In";};};{tm=2.8;["HumanoidRootPart"]={tm=.03300000000000036;cf=cfr(0,0,0,1,0,0,0,1,0,0,0,1);es="Linear";ed="In";};["Torso"]={tm=.03300000000000036;cf=cfr(0,0,0,1,0,0,0,1,0,0,0,1);es="Linear";ed="In";};["Head"]={tm=.11699999999999999;cf=cfr(0,0,.017,.981,.069,-.183,-.063,.997,.036,.185,-.023,.982);es="Linear";ed="In";};};{tm=2.833;["HumanoidRootPart"]={tm=.04999999999999982;cf=cfr(0,0,0,1,0,0,0,1,0,0,0,1);es="Linear";ed="In";};["Torso"]={tm=.04999999999999982;cf=cfr(-1.537,-5.11,-.964,.906,-.424,.006,.376,.797,-.473,.196,.43,.881);es="Linear";ed="In";};["Left Leg"]={tm=.09999999999999964;cf=cfr(-.717,.77,.178,.94,-.01,.342,-.088,.958,.271,-.33,-.285,.9);es="Linear";ed="In";};["Right Leg"]={tm=.09999999999999964;cf=cfr(.265,1.105,-.336,.975,-.196,-.109,.214,.957,.197,.065,-.216,.974);es="Linear";ed="In";};};{tm=2.883;["HumanoidRootPart"]={tm=.03399999999999981;cf=cfr(0,0,0,1,0,0,0,1,0,0,0,1);es="Linear";ed="In";};["Torso"]={tm=.03399999999999981;cf=cfr(0,0,0,1,0,0,0,1,0,0,0,1);es="Linear";ed="In";};["Right Arm"]={tm=.1499999999999999;cf=cfr(-.104,.745,-.233,-.087,-.945,-.315,.821,-.247,.515,-.564,-.214,.797);es="Linear";ed="In";};};{tm=2.917;["HumanoidRootPart"]={tm=.016000000000000014;cf=cfr(0,0,0,1,0,0,0,1,0,0,0,1);es="Linear";ed="In";};["Torso"]={tm=.016000000000000014;cf=cfr(0,0,0,1,0,0,0,1,0,0,0,1);es="Linear";ed="In";};["Head"]={tm=.16600000000000037;cf=cfr(0,0,.017,.958,.26,-.12,-.239,.957,.167,.158,-.132,.979);es="Linear";ed="In";};};{tm=2.933;["HumanoidRootPart"]={tm=.10000000000000009;cf=cfr(0,0,0,1,0,0,0,1,0,0,0,1);es="Linear";ed="In";};["Torso"]={tm=.10000000000000009;cf=cfr(-1.636,-5.329,-1.095,.864,-.503,.032,.416,.675,-.609,.284,.54,.793);es="Linear";ed="In";};["Left Leg"]={tm=.10000000000000009;cf=cfr(-.712,.81,.165,.931,.138,.338,-.226,.945,.238,-.286,-.298,.911);es="Linear";ed="In";};["Left Arm"]={tm=.23399999999999999;cf=cfr(-.363,-.306,.069,.994,.034,.108,-.061,.965,.256,-.095,-.261,.961);es="Linear";ed="In";};["Right Leg"]={tm=.10000000000000009;cf=cfr(.271,1.232,-.392,.973,-.202,-.109,.22,.955,.197,.064,-.216,.974);es="Linear";ed="In";};};{tm=3.033;["HumanoidRootPart"]={tm=.050000000000000266;cf=cfr(0,0,0,1,0,0,0,1,0,0,0,1);es="Linear";ed="In";};["Torso"]={tm=.050000000000000266;cf=cfr(-1.621,-5.488,-1.192,.873,-.476,.101,.391,.562,-.729,.29,.677,.677);es="Linear";ed="In";};["Left Leg"]={tm=.08400000000000007;cf=cfr(-.685,.903,.131,.908,.244,.342,-.339,.906,.253,-.248,-.346,.905);es="Linear";ed="In";};["Right Arm"]={tm=.18400000000000016;cf=cfr(1.022,.146,-.091,-.793,-.446,-.415,-.089,-.589,.803,-.602,.674,.427);es="Linear";ed="In";};["Right Leg"]={tm=.08400000000000007;cf=cfr(.275,1.303,-.415,.955,-.279,-.102,.293,.94,.174,.047,-.196,.98);es="Linear";ed="In";};};{tm=3.083;["HumanoidRootPart"]={tm=.03399999999999981;cf=cfr(0,0,0,1,0,0,0,1,0,0,0,1);es="Linear";ed="In";};["Torso"]={tm=.03399999999999981;cf=cfr(0,0,0,1,0,0,0,1,0,0,0,1);es="Linear";ed="In";};["Head"]={tm=.1339999999999999;cf=cfr(0,0,.017,.648,.671,-.36,-.76,.597,-.256,.043,.44,.897);es="Linear";ed="In";};};{tm=3.117;["HumanoidRootPart"]={tm=.04999999999999982;cf=cfr(0,0,0,1,0,0,0,1,0,0,0,1);es="Linear";ed="In";};["Torso"]={tm=.04999999999999982;cf=cfr(-1.621,-5.488,-1.192,.885,-.462,.055,.328,.536,-.778,.33,.706,.626);es="Linear";ed="In";};["Left Leg"]={tm=.10000000000000009;cf=cfr(-.699,.856,.144,.908,.268,.323,-.339,.922,.187,-.248,-.279,.928);es="Linear";ed="In";};["Right Leg"]={tm=.10000000000000009;cf=cfr(.269,1.351,-.41,.941,-.32,-.11,.336,.919,.205,.035,-.23,.973);es="Linear";ed="In";};};{tm=3.167;["HumanoidRootPart"]={tm=.050000000000000266;cf=cfr(0,0,0,1,0,0,0,1,0,0,0,1);es="Linear";ed="In";};["Torso"]={tm=.050000000000000266;cf=cfr(0,0,0,1,0,0,0,1,0,0,0,1);es="Linear";ed="In";};["Left Arm"]={tm=.10000000000000009;cf=cfr(-.206,-.167,.09,.67,.556,-.491,-.433,.831,.35,.603,-.022,.797);es="Linear";ed="In";};};{tm=3.217;["HumanoidRootPart"]={tm=.04999999999999982;cf=cfr(0,0,0,1,0,0,0,1,0,0,0,1);es="Linear";ed="In";};["Torso"]={tm=.04999999999999982;cf=cfr(-1.586,-5.488,-1.118,.898,-.439,.016,.262,.506,-.822,.352,.743,.569);es="Linear";ed="In";};["Left Leg"]={tm=.08299999999999974;cf=cfr(-.726,.771,.16,.9,.32,.296,-.362,.927,.099,-.243,-.196,.95);es="Linear";ed="In";};["Head"]={tm=.1160000000000001;cf=cfr(0,0,.017,.648,.55,-.527,-.76,.507,-.406,.043,.664,.747);es="Linear";ed="In";};["Right Arm"]={tm=.133;cf=cfr(1.062,.15,-.111,-.94,-.267,-.213,-.023,-.572,.82,-.34,.776,.531);es="Linear";ed="In";};["Right Leg"]={tm=.10000000000000009;cf=cfr(.277,1.336,-.388,.917,-.378,-.128,.399,.883,.249,.019,-.279,.96);es="Linear";ed="In";};};{tm=3.267;["HumanoidRootPart"]={tm=.03299999999999992;cf=cfr(0,0,0,1,0,0,0,1,0,0,0,1);es="Linear";ed="In";};["Torso"]={tm=.03299999999999992;cf=cfr(0,0,0,1,0,0,0,1,0,0,0,1);es="Linear";ed="In";};["Left Arm"]={tm=.1160000000000001;cf=cfr(-.206,-.167,.09,.151,.82,-.552,-.699,.483,.527,.699,.306,.646);es="Linear";ed="In";};};{tm=3.3;["HumanoidRootPart"]={tm=.017000000000000348;cf=cfr(0,0,0,1,0,0,0,1,0,0,0,1);es="Linear";ed="In";};["Torso"]={tm=.017000000000000348;cf=cfr(0,0,0,1,0,0,0,1,0,0,0,1);es="Linear";ed="In"