-- // converted using mech's animoduler
local cfr = CFrame.new

return {
	{
		tm = 0;
		["HumanoidRootPart"] = {
			tm = .1;
			cf = cfr(0,0,0,1,0,0,0,1,0,0,0,1);
			es = "Linear";
			ed = "In";
		};
		["Torso"] = {
			tm = .1;
			cf = cfr(0,0,0,1,0,0,0,1,0,0,0,1);
			es = "Linear";
			ed = "In";
		};
		["Right Arm"] = {
			tm = .233;
			cf = cfr(-.008,-.291,.103,.472,-.655,.59,.658,.707,.258,-.586,.267,.765);
			es = "Cubic";
			ed = "InOut";
		};
		["Body"] = {
			tm = .233;
			cf = cfr(0,0,0,1,0,0,0,1,0,0,0,1);
			es = "Cubic";
			ed = "InOut";
		};
		["Left Arm"] = {
			tm = .1;
			cf = cfr(0,-.245,0,.524,.805,-.278,-.844,.535,-.043,.114,.257,.96);
			es = "Linear";
			ed = "In";
		};
		["Head"] = {
			tm = .3;
			cf = cfr(0,0,0,1,0,0,0,.998,-.058,0,.058,.998);
			es = "Linear";
			ed = "In";
		};
	};
	{
		tm = .1;
		["HumanoidRootPart"] = {
			tm = .133;
			cf = cfr(0,0,0,1,0,0,0,1,0,0,0,1);
			es = "Linear";
			ed = "In";
		};
		["Torso"] = {
			tm = .133;
			cf = cfr(0,0,0,1,0,0,0,1,0,0,0,1);
			es = "Linear";
			ed = "In";
		};
		["Left Arm"] = {
			tm = .133;
			cf = cfr(-.08,-.219,-.051,.465,.861,-.205,-.87,.488,.076,.165,.143,.976);
			es = "Linear";
			ed = "In";
		};
	};
	{
		tm = .233;
		["HumanoidRootPart"] = {
			tm = .06699999999999998;
			cf = cfr(0,0,0,1,0,0,0,1,0,0,0,1);
			es = "Linear";
			ed = "In";
		};
		["Torso"] = {
			tm = .06699999999999998;
			cf = cfr(0,0,0,1,0,0,0,1,0,0,0,1);
			es = "Linear";
			ed = "In";
		};
		["Right Arm"] = {
			tm = .13399999999999998;
			cf = cfr(-.008,-.291,.103,-.055,-.722,.69,.906,.254,.339,-.42,.644,.64);
			es = "Linear";
			ed = "In";
		};
		["Body"] = {
			tm = .13399999999999998;
			cf = cfr(0,0,0,.948,-.317,0,.271,.81,-.52,.165,.493,.854);
			es = "Linear";
			ed = "In";
		};
		["Left Arm"] = {
			tm = .06699999999999998;
			cf = cfr(-.15,-.188,-.042,.184,.615,-.767,-.93,-.144,-.338,-.319,.775,.546);
			es = "Linear";
			ed = "In";
		};
	};
	{
		tm = .3;
		["HumanoidRootPart"] = {
			tm = .067;
			cf = cfr(0,0,0,1,0,0,0,1,0,0,0,1);
			es = "Linear";
			ed = "In";
		};
		["Torso"] = {
			tm = .067;
			cf = cfr(0,-.041,0,1,0,0,0,1,-.009,0,.009,1);
			es = "Cubic";
			ed = "InOut";
		};
		["Left Arm"] = {
			tm = .133;
			cf = cfr(-.146,-.168,-.059,.189,.63,-.753,-.939,-.108,-.326,-.286,.769,.572);
			es = "Linear";
			ed = "In";
		};
		["Head"] = {
			tm = .3;
			cf = cfr(0,0,0,1,.021,.015,-.018,.99,-.142,-.018,.142,.99);
			es = "Cubic";
			ed = "InOut";
		};
	};
	{
		tm = .367;
		["HumanoidRootPart"] = {
			tm = .066;
			cf = cfr(0,0,0,1,0,0,0,1,0,0,0,1);
			es = "Linear";
			ed = "In";
		};
		["Torso"] = {
			tm = .066;
			cf = cfr(0,0,0,1,0,0,0,1,0,0,0,1);
			es = "Linear";
			ed = "In";
		};
		["Right Arm"] = {
			tm = .266;
			cf = cfr(-.008,-.291,.103,-.039,-.726,.686,.914,.252,.318,-.404,.64,.654);
			es = "Cubic";
			ed = "InOut";
		};
		["Body"] = {
			tm = .266;
			cf = cfr(0,0,0,.948,-.317,-.016,.271,.835,-.479,.165,.449,.878);
			es = "Cubic";
			ed = "InOut";
		};
	};
	{
		tm = .433;
		["HumanoidRootPart"] = {
			tm = .067;
			cf = cfr(0,0,0,1,0,0,0,1,0,0,0,1);
			es = "Linear";
			ed = "In";
		};
		["Torso"] = {
			tm = .067;
			cf = cfr(0,0,0,1,0,0,0,1,0,0,0,1);
			es = "Linear";
			ed = "In";
		};
		["Left Arm"] = {
			tm = .067;
			cf = cfr(.37,-.214,.528,.201,.66,-.724,-.954,-.035,-.297,-.222,.751,.622);
			es = "Linear";
			ed = "In";
		};
	};
	{
		tm = .5;
		["HumanoidRootPart"] = {
			tm = .09999999999999998;
			cf = cfr(0,0,0,1,0,0,0,1,0,0,0,1);
			es = "Linear";
			ed = "In";
		};
		["Torso"] = {
			tm = .09999999999999998;
			cf = cfr(0,0,0,1,0,0,0,1,0,0,0,1);
			es = "Linear";
			ed = "In";
		};
		["Left Arm"] = {
			tm = .09999999999999998;
			cf = cfr(-.047,-.263,.113,.425,.891,-.157,-.888,.445,.117,.174,.09,.981);
			es = "Linear";
			ed = "In";
		};
	};
	{
		tm = .6;
		["HumanoidRootPart"] = {
			tm = .03300000000000003;
			cf = cfr(0,0,0,1,0,0,0,1,0,0,0,1);
			es = "Linear";
			ed = "In";
		};
		["Torso"] = {
			tm = .03300000000000003;
			cf = cfr(0,-.041,0,.684,.729,0,-.729,.684,-.009,-.007,.006,1);
			es = "Linear";
			ed = "In";
		};
		["Left Arm"] = {
			tm = .09999999999999998;
			cf = cfr(.21,-.135,.049,.329,.931,-.159,-.87,.364,.333,.367,.028,.93);
			es = "Linear";
			ed = "In";
		};
		["Head"] = {
			tm = .09999999999999998;
			cf = cfr(0,0,0,.746,-.659,-.091,.66,.751,-.023,.083,-.043,.996);
			es = "Linear";
			ed = "In";
		};
	};
	{
		tm = .633;
		["HumanoidRootPart"] = {
			tm = .03400000000000003;
			cf = cfr(0,0,0,1,0,0,0,1,0,0,0,1);
			es = "Linear";
			ed = "In";
		};
		["Torso"] = {
			tm = .03400000000000003;
			cf = cfr(.254,-.379,-.082,.978,.2,.065,-.189,.971,-.149,-.093,.133,.987);
			es = "Linear";
			ed = "In";
		};
		["Right Arm"] = {
			tm = .03400000000000003;
			cf = cfr(.278,.359,.602,-.01,.214,-.977,.82,-.558,-.131,-.573,-.802,-.17);
			es = "Linear";
			ed = "In";
		};
		["Body"] = {
			tm = 0;
			cf = cfr(.059,-.155,-.084,.81,-.587,0,.501,.693,-.519,.304,.42,.855);
			es = "Linear";
			ed = "In";
		};
	};
	{
		tm = .667;
		["HumanoidRootPart"] = {
			tm = .03299999999999992;
			cf = cfr(0,0,0,1,0,0,0,1,0,0,0,1);
			es = "Linear";
			ed = "In";
		};
		["Torso"] = {
			tm = .03299999999999992;
			cf = cfr(0,0,0,1,0,0,0,1,0,0,0,1);
			es = "Linear";
			ed = "In";
		};
		["Right Arm"] = {
			tm = .03299999999999992;
			cf = cfr(1.272,-.098,-.068,-.01,-.888,-.46,.82,-.271,.505,-.573,-.373,.73);
			es = "Linear";
			ed = "In";
		};
	};
	{
		tm = .7;
		["HumanoidRootPart"] = {
			tm = .20000000000000007;
			cf = cfr(0,0,0,1,0,0,0,1,0,0,0,1);
			es = "Linear";
			ed = "In";
		};
		["Torso"] = {
			tm = .20000000000000007;
			cf = cfr(.872,-.518,-.173,.481,-.806,.346,.877,.439,-.198,.008,.398,.917);
			es = "Linear";
			ed = "In";
		};
		["Right Arm"] = {
			tm = .20000000000000007;
			cf = cfr(.937,-.049,.007,-.01,-.946,-.324,.82,-.193,.539,-.573,-.26,.777);
			es = "Linear";
			ed = "In";
		};
		["Left Arm"] = {
			tm = 0;
			cf = cfr(-.043,.136,.204,.805,.589,-.069,-.502,.738,.451,.317,-.328,.89);
			es = "Linear";
			ed = "In";
		};
		["Head"] = {
			tm = .20000000000000007;
			cf = cfr(0,0,0,.526,.834,-.167,-.765,.55,.335,.371,-.049,.927);
			es = "Linear";
			ed = "In";
		};
	};
	{
		tm = .9;
		["HumanoidRootPart"] = {
			tm = 0;
			cf = cfr(0,0,0,1,0,0,0,1,0,0,0,1);
			es = "Linear";
			ed = "In";
		};
		["Torso"] = {
			tm = 0;
			cf = cfr(.498,-.296,-.099,.82,-.549,.164,.571,.803,-.171,-.037,.234,.971);
			es = "Linear";
			ed = "In";
		};
		["Right Arm"] = {
			tm = 0;
			cf = cfr(.532,-.153,.048,-.11,-.715,.691,.93,.171,.325,-.351,.678,.646);
			es = "Linear";
			ed = "In";
		};
		["Head"] = {
			tm = 0;
			cf = cfr(0,0,0,.824,.547,-.147,-.528,.836,.15,.205,-.046,.978);
			es = "Linear";
			ed = "In";
		};
	};
}
