-- // your animation was too long, so i split it into a bunch of scripts, concatenate them in order
-- // converted using mech's animoduler
return {{Time=0;["HumanoidRootPart"]={cf=CFrame.new(0,0,0,1,0,0,0,1,0,0,0,1);es=Enum.PoseEasingStyle.Linear;ed=Enum.PoseEasingDirection.In;time=0.03333333507180214;};["Torso"]={cf=CFrame.new(0.012540292,-0.124716729,-0.175852075,0.980101824,-0.197856545,0.0159116443,0.197856545,0.96737802,-0.158216745,0.0159116443,0.158216745,0.987276196);es=Enum.PoseEasingStyle.Linear;ed=Enum.PoseEasingDirection.In;time=0.03333333507180214;};["Head"]={cf=CFrame.new(8.98726285e-08,-7.4505806e-08,0.0182946324,0.985495865,-0.169504628,0.00812553987,0.168058738,0.968207538,-0.1852846,0.0235393904,0.183962777,0.982651293);es=Enum.PoseEasingStyle.Linear;ed=Enum.PoseEasingDirection.In;time=0.03333333507180214;};["Left Leg"]={cf=CFrame.new(-0.61958468,0.332327127,-0.321052343,0.964075267,-0.0197291225,-0.264895439,0.0876414105,0.96502012,0.247093394,0.250754476,-0.261432439,0.932081163);es=Enum.PoseEasingStyle.Linear;ed=Enum.PoseEasingDirection.In;time=0.03333333507180214;};["Right Arm"]={cf=CFrame.new(-0.0259494781,-0.716645896,-0.0418274403,-0.450210929,-0.443940997,-0.774743199,0.59434998,-0.79650569,0.111028686,-0.666377306,-0.410482287,0.622451365);es=Enum.PoseEasingStyle.Linear;ed=Enum.PoseEasingDirection.In;time=0.03333333507180214;};["Right Leg"]={cf=CFrame.new(0.553638577,0.166829765,0.221334636,0.972445667,0.222292617,-0.0702522695,-0.217804328,0.973742604,0.0662315711,0.0831304193,-0.0491053611,0.995328069);es=Enum.PoseEasingStyle.Linear;ed=Enum.PoseEasingDirection.In;time=0.03333333507180214;};["Left Arm"]={cf=CFrame.new(-0.159637094,-0.375398099,0.110945255,-0.0562930107,0.138424933,-0.988771856,-0.817062676,0.562767982,0.125302911,0.573794186,0.814942181,0.0814219713);es=Enum.PoseEasingStyle.Linear;ed=Enum.PoseEasingDirection.In;time=0.03333333507180214;};};{Time=0.03333333507180214;["HumanoidRootPart"]={cf=CFrame.new(0,0,0,1,0,0,0,1,0,0,0,1);es=Enum.PoseEasingStyle.Linear;ed=Enum.PoseEasingDirection.In;time=0.03333333507180214;};["Torso"]={cf=CFrame.new(0.012540292,-0.124716729,-0.175852075,0.980101824,-0.197856545,0.0159116443,0.197856545,0.96737802,-0.158216745,0.0159116443,0.158216745,0.987276196);es=Enum.PoseEasingStyle.Linear;ed=Enum.PoseEasingDirection.In;time=0.03333333507180214;};["Head"]={cf=CFrame.new(8.98726285e-08,-7.4505806e-08,0.0182946324,0.985495865,-0.169504628,0.00812553987,0.168058738,0.968207538,-0.1852846,0.0235393904,0.183962777,0.982651293);es=Enum.PoseEasingStyle.Linear;ed=Enum.PoseEasingDirection.In;time=0.03333333507180214;};["Left Leg"]={cf=CFrame.new(-0.61958468,0.332327127,-0.321052343,0.964075267,-0.0197291225,-0.264895439,0.0876414105,0.96502012,0.247093394,0.250754476,-0.261432439,0.932081163);es=Enum.PoseEasingStyle.Linear;ed=Enum.PoseEasingDirection.In;time=0.03333333507180214;};["Right Arm"]={cf=CFrame.new(-0.0259494781,-0.716645896,-0.0418274403,-0.450210929,-0.443940997,-0.774743199,0.59434998,-0.79650569,0.111028686,-0.666377306,-0.410482287,0.622451365);es=Enum.PoseEasingStyle.Linear;ed=Enum.PoseEasingDirection.In;time=0.03333333507180214;};["Right Leg"]={cf=CFrame.new(0.554135501,0.166596293,0.221816763,0.97244066,0.222438991,-0.0698573962,-0.21800229,0.973724306,0.0658478141,0.0826689675,-0.0488040224,0.995381355);es=Enum.PoseEasingStyle.Linear;ed=Enum.PoseEasingDirection.In;time=0.03333333507180214;};["Left Arm"]={cf=CFrame.new(-0.159637094,-0.375398099,0.110945255,-0.0562930107,0.138424933,-0.988771856,-0.817062676,0.562767982,0.125302911,0.573794186,0.814942181,0.0814219713);es=Enum.PoseEasingStyle.Linear;ed=Enum.PoseEasingDirection.In;time=0.03333333507180214;};};{Time=0.06666667014360428;["HumanoidRootPart"]={cf=CFrame.new(0,0,0,1,0,0,0,1,0,0,0,1);es=Enum.PoseEasingStyle.Linear;ed=Enum.PoseEasingDirection.In;time=0.03333333134651184;};["Torso"]={cf=CFrame.new(0.012540292,-0.124716729,-0.175852075,0.980101824,-0.197856545,0.0159116443,0.197856545,0.96737802,-0.158216745,0.0159116443,0.158216745,0.987276196);es=Enum.PoseEasingStyle.Linear;ed=Enum.PoseEasingDirection.In;time=0.03333333134651184;};["Head"]={cf=CFrame.new(8.98726285e-08,-7.4505806e-08,0.0182946324,0.985495865,-0.169504628,0.00812553987,0.168058738,0.968207538,-0.1852846,0.0235393904,0.183962777,0.982651293);es=Enum.PoseEasingStyle.Linear;ed=Enum.PoseEasingDirection.In;time=0.03333333134651184;};["Left Leg"]={cf=CFrame.new(-0.61958468,0.332327127,-0.321052343,0.964075267,-0.0197291225,-0.264895439,0.0876414105,0.96502012,0.247093394,0.250754476,-0.261432439,0.932081163);es=Enum.PoseEasingStyle.Linear;ed=Enum.PoseEasingDirection.In;time=0.03333333134651184;};["Right Arm"]={cf=CFrame.new(-0.0259494781,-0.716645896,-0.0418274403,-0.450210929,-0.443940997,-0.774743199,0.59434998,-0.79650569,0.111028686,-0.666377306,-0.410482287,0.622451365);es=Enum.PoseEasingStyle.Linear;ed=Enum.PoseEasingDirection.In;time=0.03333333134651184;};["Right Leg"]={cf=CFrame.new(0.554627895,0.166364491,0.222294152,0.972428799,0.222590715,-0.0695384666,-0.218193769,0.973700941,0.0655591041,0.0823025182,-0.0485787056,0.995422721);es=Enum.PoseEasingStyle.Linear;ed=Enum.PoseEasingDirection.In;time=0.03333333134651184;};["Left Arm"]={cf=CFrame.new(-0.159637094,-0.375398099,0.110945255,-0.0562930107,0.138424933,-0.988771856,-0.817062676,0.562767982,0.125302911,0.573794186,0.814942181,0.0814219713);es=Enum.PoseEasingStyle.Linear;ed=Enum.PoseEasingDirection.In;time=0.03333333134651184;};};{Time=0.10000000149011612;["HumanoidRootPart"]={cf=CFrame.new(0,0,0,1,0,0,0,1,0,0,0,1);es=Enum.PoseEasingStyle.Linear;ed=Enum.PoseEasingDirection.In;time=0.03333333879709244;};["Torso"]={cf=CFrame.new(0.012540292,-0.124716729,-0.175852075,0.980101824,-0.197856545,0.0159116443,0.197856545,0.96737802,-0.158216745,0.0159116443,0.158216745,0.987276196);es=Enum.PoseEasingStyle.Linear;ed=Enum.PoseEasingDirection.In;time=0.03333333879709244;};["Head"]={cf=CFrame.new(8.98726285e-08,-7.4505806e-08,0.0182946324,0.985495865,-0.169504628,0.00812553987,0.168058738,0.968207538,-0.1852846,0.0235393904,0.183962777,0.982651293);es=Enum.PoseEasingStyle.Linear;ed=Enum.PoseEasingDirection.In;time=0.03333333879709244;};["Left Leg"]={cf=CFrame.new(-0.61958468,0.332327127,-0.321052343,0.964075267,-0.0197291225,-0.264895439,0.0876414105,0.96502012,0.247093394,0.250754476,-0.261432439,0.932081163);es=Enum.PoseEasingStyle.Linear;ed=Enum.PoseEasingDirection.In;time=0.03333333879709244;};["Right Arm"]={cf=CFrame.new(-0.0259494781,-0.716645896,-0.0418274403,-0.450210929,-0.443940997,-0.774743199,0.59434998,-0.79650569,0.111028686,-0.666377306,-0.410482287,0.622451365);es=Enum.PoseEasingStyle.Linear;ed=Enum.PoseEasingDirection.In;time=0.03333333879709244;};["Right Leg"]={cf=CFrame.new(0.555115581,0.166134834,0.222767413,0.972416818,0.222742409,-0.0692195669,-0.218385041,0.973677456,0.0652703047,0.0819359943,-0.0483534262,0.995463908);es=Enum.PoseEasingStyle.Linear;ed=Enum.PoseEasingDirection.In;time=0.03333333879709244;};["Left Arm"]={cf=CFrame.new(-0.159637094,-0.375398099,0.110945255,-0.0562930107,0.138424933,-0.988771856,-0.817062676,0.562767982,0.125302911,0.573794186,0.814942181,0.0814219713);es=Enum.PoseEasingStyle.Linear;ed=Enum.PoseEasingDirection.In;time=0.03333333879709244;};};{Time=0.13333334028720856;["HumanoidRootPart"]={cf=CFrame.new(0,0,0,1,0,0,0,1,0,0,0,1);es=Enum.PoseEasingStyle.Linear;ed=Enum.PoseEasingDirection.In;time=0.03333333134651184;};["Torso"]={cf=CFrame.new(0.012540292,-0.124716729,-0.175852075,0.980101824,-0.197856545,0.0159116443,0.197856545,0.96737802,-0.158216745,0.0159116443,0.158216745,0.987276196);es=Enum.PoseEasingStyle.Linear;ed=Enum.PoseEasingDirection.In;time=0.03333333134651184;};["Head"]={cf=CFrame.new(8.98726285e-08,-7.4505806e-08,0.0182946324,0.985495865,-0.169504628,0.00812553987,0.168058738,0.968207538,-0.1852846,0.0235393904,0.183962777,0.982651293);es=Enum.PoseEasingStyle.Linear;ed=Enum.PoseEasingDirection.In;time=0.03333333134651184;};["Left Leg"]={cf=CFrame.new(-0.61958468,0.332327127,-0.321052343,0.964075267,-0.0197291225,-0.264895439,0.0876414105,0.96502012,0.247093394,0.250754476,-0.261432439,0.932081163);es=Enum.PoseEasingStyle.Linear;ed=Enum.PoseEasingDirection.In;time=0.03333333134651184;};["Right Arm"]={cf=CFrame.new(-0.0259494781,-0.716645896,-0.0418274403,-0.450210929,-0.443940997,-0.774743199,0.59434998,-0.79650569,0.111028686,-0.666377306,-0.410482287,0.622451365);es=Enum.PoseEasingStyle.Linear;ed=Enum.PoseEasingDirection.In;time=0.03333333134651184;};["Right Leg"]={cf=CFrame.new(0.555598736,0.165906787,0.223235875,0.972430408,0.222807601,-0.0688179806,-0.21849452,0.973673046,0.0649689808,0.081481792,-0.0481414609,0.995511472);es=Enum.PoseEasingStyle.Linear;ed=Enum.PoseEasingDirection.In;time=0.03333333134651184;};["Left Arm"]={cf=CFrame.new(-0.159637094,-0.375398099,0.110945255,-0.0562930107,0.138424933,-0.988771856,-0.817062676,0.562767982,0.125302911,0.573794186,0.814942181,0.0814219713);es=Enum.PoseEasingStyle.Linear;ed=Enum.PoseEasingDirection.In;time=0.03333333134651184;};};{Time=0.1666666716337204;["HumanoidRootPart"]={cf=CFrame.new(0,0,0,1,0,0,0,1,0,0,0,1);es=Enum.PoseEasingStyle.Linear;ed=Enum.PoseEasingDirection.In;time=0.03333333134651184;};["Torso"]={cf=CFrame.new(0.012540292,-0.124716729,-0.175852075,0.980101824,-0.197856545,0.0159116443,0.197856545,0.96737802,-0.158216745,0.0159116443,0.158216745,0.987276196);es=Enum.PoseEasingStyle.Linear;ed=Enum.PoseEasingDirection.In;time=0.03333333134651184;};["Head"]={cf=CFrame.new(8.98726285e-08,-7.4505806e-08,0.0182946324,0.985495865,-0.169504628,0.00812553987,0.168058738,0.968207538,-0.1852846,0.0235393904,0.183962777,0.982651293);es=Enum.PoseEasingStyle.Linear;ed=Enum.PoseEasingDirection.In;time=0.03333333134651184;};["Left Leg"]={cf=CFrame.new(-0.61958468,0.332327127,-0.321052343,0.964075267,-0.0197291225,-0.264895439,0.0876414105,0.96502012,0.247093394,0.250754476,-0.261432439,0.932081163);es=Enum.PoseEasingStyle.Linear;ed=Enum.PoseEasingDirection.In;time=0.03333333134651184;};["Right Arm"]={cf=CFrame.new(-0.0259494781,-0.716645896,-0.0418274403,-0.450210929,-0.443940997,-0.774743199,0.59434998,-0.79650569,0.111028686,-0.666377306,-0.410482287,0.622451365);es=Enum.PoseEasingStyle.Linear;ed=Enum.PoseEasingDirection.In;time=0.03333333134651184;};["Right Leg"]={cf=CFrame.new(0.556077421,0.165680885,0.22370024,0.97241807,0.222959459,-0.0684991404,-0.218685567,0.973649383,0.0646800622,0.0811151788,-0.0479162857,0.995552301);es=Enum.PoseEasingStyle.Linear;ed=Enum.PoseEasingDirection.In;time=0.03333333134651184;};["Left Arm"]={cf=CFrame.new(-0.159637094,-0.375398099,0.110945255,-0.0562930107,0.138424933,-0.988771856,-0.817062676,0.562767982,0.125302911,0.573794186,0.814942181,0.0814219713);es=Enum.PoseEasingStyle.Linear;ed=Enum.PoseEasingDirection.In;time=0.03333333134651184;};};{Time=0.20000000298023224;["HumanoidRootPart"]={cf=CFrame.new(0,0,0,1,0,0,0,1,0,0,0,1);es=Enum.PoseEasingStyle.Linear;ed=Enum.PoseEasingDirection.In;time=0.03333333134651184;};["Torso"]={cf=CFrame.new(0.012540292,-0.124716729,-0.175852075,0.980101824,-0.197856545,0.0159116443,0.197856545,0.96737802,-0.158216745,0.0159116443,0.158216745,0.987276196);es=Enum.PoseEasingStyle.Linear;ed=Enum.PoseEasingDirection.In;time=0.03333333134651184;};["Head"]={cf=CFrame.new(8.98726285e-08,-7.4505806e-08,0.0182946324,0.985495865,-0.169504628,0.00812553987,0.168058738,0.968207538,-0.1852846,0.0235393904,0.183962777,0.982651293);es=Enum.PoseEasingStyle.Linear;ed=Enum.PoseEasingDirection.In;time=0.03333333134651184;};["Left Leg"]={cf=CFrame.new(-0.61958468,0.332327127,-0.321052343,0.964075267,-0.0197291225,-0.264895439,0.0876414105,0.96502012,0.247093394,0.250754476,-0.261432439,0.932081163);es=Enum.PoseEasingStyle.Linear;ed=Enum.PoseEasingDirection.In;time=0.03333333134651184;};["Right Arm"]={cf=CFrame.new(-0.0259494781,-0.716645896,-0.0418274403,-0.450210929,-0.443940997,-0.774743199,0.59434998,-0.79650569,0.111028686,-0.666377306,-0.410482287,0.622451365);es=Enum.PoseEasingStyle.Linear;ed=Enum.PoseEasingDirection.In;time=0.03333333134651184;};["Right Leg"]={cf=CFrame.new(0.55655098,0.165457308,0.224159688,0.972405612,0.223111466,-0.0681803599,-0.218876585,0.9736256,0.0643910915,0.0807485357,-0.0476911739,0.995592892);es=Enum.PoseEasingStyle.Linear;ed=Enum.PoseEasingDirection.In;time=0.03333333134651184;};["Left Arm"]={cf=CFrame.new(-0.159637094,-0.375398099,0.110945255,-0.0562930107,0.138424933,-0.988771856,-0.817062676,0.562767982,0.125302911,0.573794186,0.814942181,0.0814219713);es=Enum.PoseEasingStyle.Linear;ed=Enum.PoseEasingDirection.In;time=0.03333333134651184;};};{Time=0.23333333432674408;["HumanoidRootPart"]={cf=CFrame.new(0,0,0,1,0,0,0,1,0,0,0,1);es=Enum.PoseEasingStyle.Linear;ed=Enum.PoseEasingDirection.In;time=0.033333346247673035;};["Torso"]={cf=CFrame.new(0.012540292,-0.124716729,-0.175852075,0.980101824,-0.197856545,0.0159116443,0.197856545,0.96737802,-0.158216745,0.0159116443,0.158216745,0.987276196);es=Enum.PoseEasingStyle.Linear;ed=Enum.PoseEasingDirection.In;time=0.033333346247673035;};["Head"]={cf=CFrame.new(8.98726285e-08,-7.4505806e-08,0.0182946324,0.985495865,-0.169504628,0.00812553987,0.168058738,0.968207538,-0.1852846,0.0235393904,0.183962777,0.982651293);es=Enum.PoseEasingStyle.Linear;ed=Enum.PoseEasingDirection.In;time=0.033333346247673035;};["Left Leg"]={cf=CFrame.new(-0.61958468,0.332327127,-0.321052343,0.964075267,-0.0197291225,-0.264895439,0.0876414105,0.96502012,0.247093394,0.250754476,-0.261432439,0.932081163);es=Enum.PoseEasingStyle.Linear;ed=Enum.PoseEasingDirection.In;time=0.033333346247673035;};["Right Arm"]={cf=CFrame.new(-0.0259494781,-0.716645896,-0.0418274403,-0.450210929,-0.443940997,-0.774743199,0.59434998,-0.79650569,0.111028686,-0.666377306,-0.410482287,0.622451365);es=Enum.PoseEasingStyle.Linear;ed=Enum.PoseEasingDirection.In;time=0.033333346247673035;};["Right Leg"]={cf=CFrame.new(0.557020187,0.165235043,0.224614382,0.972393036,0.223263532,-0.0678616092,-0.219067484,0.973601758,0.0641020611,0.080381833,-0.0474661291,0.995633304);es=Enum.PoseEasingStyle.Linear;ed=Enum.PoseEasingDirection.In;time=0.033333346247673035;};["Left Arm"]={cf=CFrame.new(-0.159637094,-0.375398099,0.110945255,-0.0562930107,0.138424933,-0.988771856,-0.817062676,0.562767982,0.125302911,0.573794186,0.814942181,0.0814219713);es=Enum.PoseEasingStyle.Linear;ed=Enum.PoseEasingDirection.In;time=0.033333346247673035;};};{Time=0.2666666805744171;["HumanoidRootPart"]={cf=CFrame.new(0,0,0,1,0,0,0,1,0,0,0,1);es=Enum.PoseEasingStyle.Linear;ed=Enum.PoseEasingDirection.In;time=0.03333333134651184;};["Torso"]={cf=CFrame.new(0.012540292,-0.124716729,-0.175852075,0.980101824,-0.197856545,0.0159116443,0.197856545,0.96737802,-0.158216745,0.0159116443,0.158216745,0.987276196);es=Enum.PoseEasingStyle.Linear;ed=Enum.PoseEasingDirection.In;time=0.03333333134651184;};["Head"]={cf=CFrame.new(8.98726285e-08,-7.4505806e-08,0.0182946324,0.985495865,-0.169504628,0.00812553987,0.168058738,0.968207538,-0.1852846,0.0235393904,0.183962777,0.982651293);es=Enum.PoseEasingStyle.Linear;ed=Enum.PoseEasingDirection.In;time=0.03333333134651184;};["Left Leg"]={cf=CFrame.new(-0.61958468,0.332327127,-0.321052343,0.964075267,-0.0197291225,-0.264895439,0.0876414105,0.96502012,0.247093394,0.250754476,-0.261432439,0.932081163);es=Enum.PoseEasingStyle.Linear;ed=Enum.PoseEasingDirection.In;time=0.03333333134651184;};["Right Arm"]={cf=CFrame.new(-0.0259494781,-0.716645896,-0.0418274403,-0.450210929,-0.443940997,-0.774743199,0.59434998,-0.79650569,0.111028686,-0.666377306,-0.410482287,0.622451365);es=Enum.PoseEasingStyle.Linear;ed=Enum.PoseEasingDirection.In;time=0.03333333134651184;};["Right Leg"]={cf=CFrame.new(0.557484388,0.165014923,0.225064933,0.97238028,0.223415688,-0.0675429031,-0.219258294,0.973577797,0.0638129711,0.0800150856,-0.047241129,0.995673597);es=Enum.PoseEasingStyle.Linear;ed=Enum.PoseEasingDirection.In;time=0.03333333134651184;};["Left Arm"]={cf=CFrame.new(-0.159637094,-0.375398099,0.110945255,-0.0562930107,0.138424933,-0.988771856,-0.817062676,0.562767982,0.125302911,0.573794186,0.814942181,0.0814219713);es=Enum.PoseEasingStyle.Linear;ed=Enum.PoseEasingDirection.In;time=0.03333333134651184;};};{Time=0.30000001192092896;["HumanoidRootPart"]={cf=CFrame.new(0,0,0,1,0,0,0,1,0,0,0,1);es=Enum.PoseEasingStyle.Linear;ed=Enum.PoseEasingDirection.In;time=0.03333333134651184;};["Torso"]={cf=CFrame.new(0.012540292,-0.124716729,-0.175852075,0.980101824,-0.197856545,0.0159116443,0.197856545,0.96737802,-0.158216745,0.0159116443,0.158216745,0.987276196);es=Enum.PoseEasingStyle.Linear;ed=Enum.PoseEasingDirection.In;time=0.03333333134651184;};["Head"]={cf=CFrame.new(8.98726285e-08,-7.4505806e-08,0.0182946324,0.985495865,-0.169504628,0.00812553987,0.168058738,0.968207538,-0.1852846,0.0235393904,0.183962777,0.982651293);es=Enum.PoseEasingStyle.Linear;ed=Enum.PoseEasingDirection.In;time=0.03333333134651184;};["Left Leg"]={cf=CFrame.new(-0.61958468,0.332327127,-0.321052343,0.964075267,-0.0197291225,-0.264895439,0.0876414105,0.96502012,0.247093394,0.250754476,-0.261432439,0.932081163);es=Enum.PoseEasingStyle.Linear;ed=Enum.PoseEasingDirection.In;time=0.03333333134651184;};["Right Arm"]={cf=CFrame.new(-0.0259494781,-0.716645896,-0.0418274403,-0.450210929,-0.443940997,-0.774743199,0.59434998,-0.79650569,0.111028686,-0.666377306,-0.410482287,0.622451365);es=Enum.PoseEasingStyle.Linear;ed=Enum.PoseEasingDirection.In;time=0.03333333134651184;};["Right Leg"]={cf=CFrame.new(0.557944059,0.164797306,0.22551091,0.972367346,0.223567903,-0.0672242343,-0.219448984,0.973553717,0.0635238066,0.0796482861,-0.0470161885,0.995713651);es=Enum.PoseEasingStyle.Linear;ed=Enum.PoseEasingDirection.In;time=0.03333333134651184;};["Left Arm"]={cf=CFrame.new(-0.159637094,-0.375398099,0.110945255,-0.0562930107,0.138424933,-0.988771856,-0.817062676,0.562767982,0.125302911,0.573794186,0.814942181,0.0814219713);es=Enum.PoseEasingStyle.Linear;ed=Enum.PoseEasingDirection.In;time=0.03333333134651184;};};{Time=0.3333333432674408;["HumanoidRootPart"]={cf=CFrame.new(0,0,0,1,0,0,0,1,0,0,0,1);es=Enum.PoseEasingStyle.Linear;ed=Enum.PoseEasingDirection.In;time=0.03333333134651184;};["Torso"]={cf=CFrame.new(0.012540292,-0.124716729,-0.175852075,0.980101824,-0.197856545,0.0159116443,0.197856545,0.96737802,-0.158216745,0.0159116443,0.158216745,0.987276196);es=Enum.PoseEasingStyle.Linear;ed=Enum.PoseEasingDirection.In;time=0.03333333134651184;};["Head"]={cf=CFrame.new(8.98726285e-08,-7.4505806e-08,0.0182946324,0.985495865,-0.169504628,0.00812553987,0.168058738,0.968207538,-0.1852846,0.0235393904,0.183962777,0.982651293);es=Enum.PoseEasingStyle.Linear;ed=Enum.PoseEasingDirection.In;time=0.03333333134651184;};["Left Leg"]={cf=CFrame.new(-0.61958468,0.332327127,-0.321052343,0.964075267,-0.0197291225,-0.264895439,0.0876414105,0.96502012,0.247093394,0.250754476,-0.261432439,0.932081163);es=Enum.PoseEasingStyle.Linear;ed=Enum.PoseEasingDirection.In;time=0.03333333134651184;};["Right Arm"]={cf=CFrame.new(-0.0259494781,-0.716645896,-0.0418274403,-0.450210929,-0.443940997,-0.774743199,0.59434998,-0.79650569,0.111028686,-0.666377306,-0.410482287,0.622451365);es=Enum.PoseEasingStyle.Linear;ed=Enum.PoseEasingDirection.In;time=0.03333333134651184;};["Right Leg"]={cf=CFrame.new(0.558399081,0.164581597,0.22595188,0.972354293,0.223720208,-0.0669056177,-0.219639584,0.973529577,0.06323459,0.0792814493,-0.0467913076,0.995753467);es=Enum.PoseEasingStyle.Linear;ed=Enum.PoseEasingDirection.In;time=0.03333333134651184;};["Left Arm"]={cf=CFrame.new(-0.159637094,-0.375398099,0.110945255,-0.0562930107,0.138424933,-0.988771856,-0.817062676,0.562767982,0.125302911,0.573794186,0.814942181,0.0814219713);es=Enum.PoseEasingStyle.Linear;ed=Enum.PoseEasingDirection.In;time=0.03333333134651184;};};{Time=0.36666667461395264;["HumanoidRootPart"]={cf=CFrame.new(0,0,0,1,0,0,0,1,0,0,0,1);es=Enum.PoseEasingStyle.Linear;ed=Enum.PoseEasingDirection.In;time=0.03333333134651184;};["Torso"]={cf=CFrame.new(0.0937540233,-0.0798767433,-0.132329226,0.909137785,-0.413954169,0.0459392779,0.416495174,0.903466225,-0.101393089,0.000467501581,0.111313775,0.993785203);es=Enum.PoseEasingStyle.Linear;ed=Enum.PoseEasingDirection.In;time=0.03333333134651184;};["Head"]={cf=CFrame.new(7.4505806e-08,-7.4505806e-09,0.018294543,0.641003788,-0.747942269,0.172326669,0.76688689,0.614865661,-0.183914602,0.0315997452,0.250045031,0.967718422);es=Enum.PoseEasingStyle.Linear;ed=Enum.PoseEasingDirection.In;time=0.03333333134651184;};["Left Leg"]={cf=CFrame.new(-0.344238639,0.247634053,0.0189624429,0.968630791,0.00600582315,0.248431668,-0.0152298212,0.999263406,0.0352236703,-0.248037115,-0.037902303,0.968008757);es=Enum.PoseEasingStyle.Linear;ed=Enum.PoseEasingDirection.In;time=0.03333333134651184;};["Right Arm"]={cf=CFrame.new(-0.102822453,-0.552493632,0.140767455,-0.328287959,-0.428721368,-0.841679931,0.943113625,-0.099178195,-0.317333281,0.0525712669,-0.897976458,0.436891913);es=Enum.PoseEasingStyle.Linear;ed=Enum.PoseEasingDirection.In;time=0.03333333134651184;};["Right Leg"]={cf=CFrame.new(-0.247907832,0.103987753,0.265710682,0.477278471,0.191797927,-0.857565761,-0.221223578,0.970684707,0.0939753801,0.850450277,0.144861281,0.505717099);es=Enum.PoseEasingStyle.Linear;ed=Enum.PoseEasingDirection.In;time=0.03333333134651184;};["Left Arm"]={cf=CFrame.new(-0.16314137,-0.395330012,0.127439439,0.256595135,0.156317592,-0.953794479,-0.741738617,0.664536715,-0.0906356871,0.619663596,0.730722785,0.286463618);es=Enum.PoseEasingStyle.Linear;ed=Enum.PoseEasingDirection.In;time=0.03333333134651184;};};{Time=0.4000000059604645;["HumanoidRootPart"]={cf=CFrame.new(0,0,0,1,0,0,0,1,0,0,0,1);es=Enum.PoseEasingStyle.Linear;ed=Enum.PoseEasingDirection.In;time=0.03333333134651184;};["Torso"]={cf=CFrame.new(0.0704012364,-0.0798767433,-0.132329226,0.909137785,-0.413954169,0.0459392779,0.416495174,0.903466225,-0.101393089,0.000467501581,0.111313775,0.993785203);es=Enum.PoseEasingStyle.Linear;ed=Enum.PoseEasingDirection.In;time=0.03333333134651184;};["Head"]={cf=CFrame.new(7.4505806e-08,-7.4505806e-09,0.0182944238,0.641003788,-0.747942269,0.172326669,0.76688689,0.614865661,-0.183914602,0.0315997452,0.250045031,0.967718422);es=Enum.PoseEasingStyle.Linear;ed=Enum.PoseEasingDirection.In;time=0.03333333134651184;};["Left Leg"]={cf=CFrame.new(-0.334427595,0.21971333,0.0220910907,0.969888508,0.00417642202,0.243513525,-0.00798830669,0.999860525,0.0146682896,-0.243418306,-0.016171867,0.969786584);es=Enum.PoseEasingStyle.Linear;ed=Enum.PoseEasingDirection.In;time=0.03333333134651184;};["Right Arm"]={cf=CFrame.new(-0.102822453,-0.552493751,0.140767455,-0.328287959,-0.428721368,-0.841679931,0.943113625,-0.099178195,-0.317333281,0.0525712669,-0.897976458,0.436891913);es=Enum.PoseEasingStyle.Linear;ed=Enum.PoseEasingDirection.In;time=0.03333333134651184;};["Right Leg"]={cf=CFrame.new(-0.296225518,0.0981798768,0.247943074,0.413509607,0.173079759,-0.893897772,-0.226166129,0.970521033,0.083293274,0.881963015,0.1677268,0.440464556);es=Enum.PoseEasingStyle.Linear;ed=Enum.PoseEasingDirection.In;time=0.03333333134651184;};["Left Arm"]={cf=CFrame.new(-0.168312609,-0.42576623,0.121656433,0.219341993,0.159775376,-0.962476492,-0.772674322,0.63077724,-0.0713754892,0.595704198,0.759336472,0.261810303);es=Enum.PoseEasingStyle.Linear;ed=Enum.PoseEasingDirection.In;time=0.03333333134651184;};};{Time=0.4333333373069763;["HumanoidRootPart"]={cf=CFrame.new(0,0,0,1,0,0,0,1,0,0,0,1);es=Enum.PoseEasingStyle.Linear;ed=Enum.PoseEasingDirection.In;time=0.03333333134651184;};["Torso"]={cf=CFrame.new(0.0270317867,-0.0798767358,-0.132329226,0.909137785,-0.413954169,0.0459392779,0.416495174,0.903466225,-0.101393089,0.000467501581,0.111313775,0.993785203);es=Enum.PoseEasingStyle.Linear;ed=Enum.PoseEasingDirection.In;time=0.03333333134651184;};["Head"]={cf=CFrame.new(7.4505806e-08,0,0.0182943046,0.641003788,-0.747942269,0.172326669,0.76688689,0.614865661,-0.183914602,0.0315997452,0.250045031,0.967718422);es=Enum.PoseEasingStyle.Linear;ed=Enum.PoseEasingDirection.In;time=0.03333333134651184;};["Left Leg"]={cf=CFrame.new(-0.320784569,0.197383523,0.0190538466,0.97237438,0.0102328025,0.233202264,-0.0117123704,0.999919116,0.00496064778,-0.233132645,-0.00755495857,0.972415566);es=Enum.PoseEasingStyle.Linear;ed=Enum.PoseEasingDirection.In;time=0.03333333134651184;};["Right Arm"]={cf=CFrame.new(-0.102822393,-0.55249387,0.140767455,-0.328287959,-0.428721368,-0.841679931,0.943113625,-0.099178195,-0.317333281,0.0525712669,-0.897976458,0.436891913);es=Enum.PoseEasingStyle.Linear;ed=Enum.PoseEasingDirection.In;time=0.03333333134651184;};["Right Leg"]={cf=CFrame.new(-0.306264162,0.0823327899,0.252531648,0.39819777,0.161347404,-0.902998149,-0.245560452,0.967230499,0.0645389035,0.883820474,0.196041375,0.42476958);es=Enum.PoseEasingStyle.Linear;ed=Enum.PoseEasingDirection.In;time=0.03333333134651184;};["Left Arm"]={cf=CFrame.new(-0.178570807,-0.48292467,0.112766609,0.146000445,0.169600755,-0.974638104,-0.820370436,0.571350634,-0.0234681368,0.55287993,0.802990675,0.222552896);es=Enum.PoseEasingStyle.Linear;ed=Enum.PoseEasingDirection.In;time=0.03333333134651184;};};{Time=0.46666666865348816;["HumanoidRootPart"]={cf=CFrame.new(0,0,0,1,0,0,0,1,0,0,0,1);es=Enum.PoseEasingStyle.Linear;ed=Enum.PoseEasingDirection.In;time=0.03333333134651184;};["Torso"]={cf=CFrame.new(0.00367900729,-0.0798767433,-0.132329226,0.909137785,-0.413954169,0.0459392779,0.416495174,0.903466225,-0.101393089,0.000467501581,0.111313775,0.993785203);es=Enum.PoseEasingStyle.Linear;ed=Enum.PoseEasingDirection.In;time=0.03333333134651184;};["Head"]={cf=CFrame.new(7.4505806e-08,-7.4505806e-09,0.0182944238,0.641003788,-0.747942269,0.172326669,0.76688689,0.614865661,-0.183914602,0.0315997452,0.250045031,0.967718422);es=Enum.PoseEasingStyle.Linear;ed=Enum.PoseEasingDirection.In;time=0.03333333134651184;};["Left Leg"]={cf=CFrame.new(-0.323332816,0.1907354,0.00996974111,0.977537751,0.0142347384,0.210279167,-0.0161508527,0.999842227,0.00739766518,-0.210140675,-0.0106276851,0.977613389);es=Enum.PoseEasingStyle.Linear;ed=Enum.PoseEasingDirection.In;time=0.03333333134651184;};["Right Arm"]={cf=CFrame.new(-0.0876341462,-0.533165693,0.129289627,-0.295945048,-0.506269217,-0.810005009,0.954077363,-0.197860956,-0.224916577,-0.046399951,-0.83937037,0.541575909);es=Enum.PoseEasingStyle.Linear;ed=Enum.PoseEasingDirection.In;time=0.03333333134651184;};["Right Leg"]={cf=CFrame.new(-0.310950518,0.0732893348,0.254818201,0.391603827,0.155024037,-0.906980634,-0.255906671,0.965165257,0.0544772148,0.883831501,0.210768908,0.41763413);es=Enum.PoseEasingStyle.Linear;ed=Enum.PoseEasingDirection.In;time=0.03333333134651184;};["Left Arm"]={cf=CFrame.new(-0.183798611,-0.51356709,0.108373031,0.105733037,0.173458338,-0.979149044,-0.842510343,0.538661897,0.00444692373,0.52820164,0.824472964,0.20309478);es=Enum.PoseEasingStyle.Linear;ed=Enum.PoseEasingDirection.In;time=0.03333333134651184;};};{Time=0.5;["HumanoidRootPart"]={cf=CFrame.new(0,0,0,1,0,0,0,1,0,0,0,1);es=Enum.PoseEasingStyle.Linear;ed=Enum.PoseEasingDirection.In;time=0.03333336114883423;};["Torso"]={cf=CFrame.new(0.00367900729,-0.0798767433,-0.132329226,0.909137785,-0.413954169,0.0459392779,0.416495174,0.903466225,-0.101393089,0.000467501581,0.111313775,0.993785203);es=Enum.PoseEasingStyle.Linear;ed=Enum.PoseEasingDirection.In;time=0.03333336114883423;};["Head"]={cf=CFrame.new(7.4505806e-08,-7.4505806e-09,0.0182944238,0.641003788,-0.747942269,0.172326669,0.76688689,0.614865661,-0.183914602,0.0315997452,0.250045031,0.967718422);es=Enum.PoseEasingStyle.Linear;ed=Enum.PoseEasingDirection.In;time=0.03333336114883423;};["Left Leg"]={cf=CFrame.new(-0.338939279,0.194666862,-0.00144454837,0.983215868,0.0137714576,0.18192561,-0.0168288779,0.999741733,0.0152728334,-0.181668296,-0.0180780962,0.983193696);es=Enum.PoseEasingStyle.Linear;ed=Enum.PoseEasingDirection.In;time=0.03333336114883423;};["Right Arm"]={cf=CFrame.new(-0.0876341462,-0.533165693,0.129289627,-0.295945048,-0.506269217,-0.810005009,0.954077363,-0.197860956,-0.224916577,-0.046399951,-0.83937037,0.541575909);es=Enum.PoseEasingStyle.Linear;ed=Enum.PoseEasingDirection.In;time=0.03333336114883423;};["Right Leg"]={cf=CFrame.new(-0.304443479,0.0814557076,0.27932781,0.379538,0.160763815,-0.91110152,-0.27228418,0.960581899,0.0560690761,0.884201467,0.226798177,0.408350766);es=Enum.PoseEasingStyle.Linear;ed=Enum.PoseEasingDirection.In;time=0.03333336114883423;};["Left Arm"]={cf=CFrame.new(-0.183798611,-0.51356709,0.108373031,0.105733037,0.173458338,-0.979149044,-0.842510343,0.538661897,0.00444692373,0.52820164,0.824472964,0.20309478);es=Enum.PoseEasingStyle.Linear;ed=Enum.PoseEasingDirection.In;time=0.03333336114883423;};};{Time=0.5333333611488342;["HumanoidRootPart"]={cf=CFrame.new(0,0,0,1,0,0,0,1,0,0,0,1);es=Enum.PoseEasingStyle.Linear;ed=Enum.PoseEasingDirection.In;time=0.03333330154418945;};["Torso"]={cf=CFrame.new(0.00367900729,-0.0798767433,-0.132329226,0.909137785,-0.413954169,0.0459392779,0.416495174,0.903466225,-0.101393089,0.000467501581,0.111313775,0.993785203);es=Enum.PoseEasingStyle.Linear;ed=Enum.PoseEasingDirection.In;time=0.03333330154418945;};["Head"]={cf=CFrame.new(7.4505806e-08,-7.4505806e-09,0.0182944238,0.641003788,-0.747942269,0.172326669,0.76688689,0.614865661,-0.183914602,0.0315997452,0.250045031,0.967718422);es=Enum.PoseEasingStyle.Linear;ed=Enum.PoseEasingDirection.In;time=0.03333330154418945;};["Left Leg"]={cf=CFrame.new(-0.345591247,0.19633615,-0.00653353333,0.98542136,0.013684283,0.169580206,-0.0171045922,0.999678373,0.01872476,-0.169269428,-0.0213523787,0.985338509);es=Enum.PoseEasingStyle.Linear;ed=Enum.PoseEasingDirection.In;time=0.03333330154418945;};["Right Arm"]={cf=CFrame.new(-0.0876341462,-0.533165693,0.129289627,-0.295945048,-0.506269217,-0.810005009,0.954077363,-0.197860956,-0.224916577,-0.046399951,-0.83937037,0.541575909);es=Enum.PoseEasingStyle.Linear;ed=Enum.PoseEasingDirection.In;time=0.03333330154418945;};["Right Leg"]={cf=CFrame.new(-0.293326557,0.0893941522,0.304974258,0.374991655,0.167807013,-0.911713839,-0.287817001,0.955953538,0.0575693026,0.881216645,0.240818709,0.406772316);es=Enum.PoseEasingStyle.Linear;ed=Enum.PoseEasingDirection.In;time=0.03333330154418945;};["Left Arm"]={cf=CFrame.new(-0.183798611,-0.51356709,0.108373031,0.105733037,0.173458338,-0.979149044,-0.842510343,0.538661897,0.00444692373,0.52820164,0.824472964,0.20309478);es=Enum.PoseEasingStyle.Linear;ed=Enum.PoseEasingDirection.In;time=0.03333330154418945;};};{Time=0.5666666626930237;["HumanoidRootPart"]={cf=CFrame.new(0,0,0,1,0,0,0,1,0,0,0,1);es=Enum.PoseEasingStyle.Linear;ed=Enum.PoseEasingDirection.In;time=0.03333336114883423;};["Torso"]={cf=CFrame.new(0.00367900729,-0.0798767433,-0.132329226,0.909137785,-0.413954169,0.0459392779,0.416495174,0.903466225,-0.101393089,0.000467501581,0.111313775,0.993785203);es=Enum.PoseEasingStyle.Linear;ed=Enum.PoseEasingDirection.In;time=0.03333336114883423;};["Head"]={cf=CFrame.new(7.4505806e-08,-7.4505806e-09,0.0182944238,0.641003788,-0.747942269,0.172326669,0.76688689,0.614865661,-0.183914602,0.0315997452,0.250045031,0.967718422);es=Enum.PoseEasingStyle.Linear;ed=Enum.PoseEasingDirection.In;time=0.03333336114883423;};["Left Leg"]={cf=CFrame.new(-0.345591247,0.19633615,-0.00653353333,0.98542136,0.013684283,0.169580206,-0.0171045922,0.999678373,0.01872476,-0.169269428,-0.0213523787,0.985338509);es=Enum.PoseEasingStyle.Linear;ed=Enum.PoseEasingDirection.In;time=0.03333336114883423;};["Right Arm"]={cf=CFrame.new(-0.0876341462,-0.533165693,0.129289627,-0.295945048,-0.506269217,-0.810005009,0.954077363,-0.197860956,-0.224916577,-0.046399951,-0.83937037,0.541575909);es=Enum.PoseEasingStyle.Linear;ed=Enum.PoseEasingDirection.In;time=0.03333336114883423;};["Right Leg"]={cf=CFrame.new(-0.293128103,0.0891925097,0.305564642,0.375131249,0.167828351,-0.911652446,-0.288099766,0.955877244,0.0574210733,0.881064773,0.241106406,0.406930745);es=Enum.PoseEasingStyle.Linear;ed=Enum.PoseEasingDirection.In;time=0.03333336114883423;};["Left Arm"]={cf=CFrame.new(-0.183798611,-0.51356709,0.108373031,0.105733037,0.173458338,-0.979149044,-0.842510343,0.538661897,0.00444692373,0.52820164,0.824472964,0.20309478);es=Enum.PoseEasingStyle.Linear;ed=Enum.PoseEasingDirection.In;time=0.03333336114883423;};};{Time=0.6000000238418579;["HumanoidRootPart"]={cf=CFrame.new(0,0,0,1,0,0,0,1,0,0,0,1);es=Enum.PoseEasingStyle.Linear;ed=Enum.PoseEasingDirection.In;time=0.03333330154418945;};["Torso"]={cf=CFrame.new(0.00367900729,-0.0798767433,-0.132329226,0.909137785,-0.413954169,0.0459392779,0.416495174,0.903466225,-0.101393089,0.000467501581,0.111313775,0.993785203);es=Enum.PoseEasingStyle.Linear;ed=Enum.PoseEasingDirection.In;time=0.03333330154418945;};["Head"]={cf=CFrame.new(7.4505806e-08,-7.4505806e-09,0.0182944238,0.641003788,-0.747942269,0.172326669,0.76688689,0.614865661,-0.183914602,0.0315997452,0.250045031,0.967718422);es=Enum.PoseEasingStyle.Linear;ed=Enum.PoseEasingDirection.In;time=0.03333330154418945;};["Left Leg"]={cf=CFrame.new(-0.345591247,0.19633615,-0.00653353333,0.98542136,0.013684283,0.169580206,-0.0171045922,0.999678373,0.01872476,-0.169269428,-0.0213523787,0.985338509);es=Enum.PoseEasingStyle.Linear;ed=Enum.PoseEasingDirection.In;time=0.03333330154418945;};["Right Arm"]={cf=CFrame.new(-0.0876341462,-0.533165693,0.129289627,-0.295945048,-0.506269217,-0.810005009,0.954077363,-0.197860956,-0.224916577,-0.046399951,-0.83937037,0.541575909);es=Enum.PoseEasingStyle.Linear;ed=Enum.PoseEasingDirection.In;time=0.03333330154418945;};["Right Leg"]={cf=CFrame.new(-0.292931855,0.0889931917,0.30614844,0.375153422,0.167954102,-0.9116202,-0.288402975,0.955786705,0.0574065447,0.880956113,0.241377711,0.407005072);es=Enum.PoseEasingStyle.Linear;ed=Enum.PoseEasingDirection.In;time=0.03333330154418945;};["Left Arm"]={cf=CFrame.new(-0.183798611,-0.51356709,0.108373031,0.105733037,0.173458338,-0.979149044,-0.842510343,0.538661897,0.00444692373,0.52820164,0.824472964,0.20309478);es=Enum.PoseEasingStyle.Linear;ed=Enum.PoseEasingDirection.In;time=0.03333330154418945;};};{Time=0.6333333253860474;["HumanoidRootPart"]={cf=CFrame.new(0,0,0,1,0,0,0,1,0,0,0,1);es=Enum.PoseEasingStyle.Linear;ed=Enum.PoseEasingDirection.In;time=0.03333336114883423;};["Torso"]={cf=CFrame.new(0.00367900729,-0.0798767433,-0.132329226,0.909137785,-0.413954169,0.0459392779,0.416495174,0.903466225,-0.101393089,0.000467501581,0.111313775,0.993785203);es=Enum.PoseEasingStyle.Linear;ed=Enum.PoseEasingDirection.In;time=0.03333336114883423;};["Head"]={cf=CFrame.new(7.4505806e-08,-7.4505806e-09,0.0182944238,0.641003788,-0.747942269,0.172326669,0.76688689,0.614865661,-0.183914602,0.0315997452,0.250045031,0.967718422);es=Enum.PoseEasingStyle.Linear;ed=Enum.PoseEasingDirection.In;time=0.03333336114883423;};["Left Leg"]={cf=CFrame.new(-0.345591247,0.19633615,-0.00653353333,0.98542136,0.013684283,0.169580206,-0.0171045922,0.999678373,0.01872476,-0.169269428,-0.0213523787,0.985338509);es=Enum.PoseEasingStyle.Linear;ed=Enum.PoseEasingDirection.In;time=0.03333336114883423;};["Right Arm"]={cf=CFrame.new(-0.0876341462,-0.533165693,0.129289627,-0.295945048,-0.506269217,-0.810005009,0.954077363,-0.197860956,-0.224916577,-0.046399951,-0.83937037,0.541575909);es=Enum.PoseEasingStyle.Linear;ed=Enum.PoseEasingDirection.In;time=0.03333336114883423;};["Right Leg"]={cf=CFrame.new(-0.29273802,0.0887959003,0.306724757,0.375175416,0.168079913,-0.911587954,-0.288706183,0.955696046,0.0573919639,0.880847454,0.241649002,0.407079339);es=Enum.PoseEasingStyle.Linear;ed=Enum.PoseEasingDirection.In;time=0.03333336114883423;};["Left Arm"]={cf=CFrame.new(-0.183798611,-0.51356709,0.108373031,0.105733037,0.173458338,-0.979149044,-0.842510343,0.538661897,0.00444692373,0.52820164,0.824472964,0.20309478);es=Enum.PoseEasingStyle.Linear;ed=Enum.PoseEasingDirection.In;time=0.03333336114883423;};};{Time=0.6666666865348816;["HumanoidRootPart"]={cf=CFrame.new(0,0,0,1,0,0,0,1,0,0,0,1);es=Enum.PoseEasingStyle.Linear;ed=Enum.PoseEasingDirection.In;time=0.03333330154418945;};["Torso"]={cf=CFrame.new(0.00367900729,-0.0798767433,-0.132329226,0.909137785,-0.413954169,0.0459392779,0.416495174,0.903466225,-0.101393089,0.000467501581,0.111313775,0.993785203);es=Enum.PoseEasingStyle.Linear;ed=Enum.PoseEasingDirection.In;time=0.03333330154418945;};["Head"]={cf=CFrame.new(7.4505806e-08,-7.4505806e-09,0.0182944238,0.641003788,-0.747942269,0.172326669,0.76688689,0.614865661,-0.183914602,0.0315997452,0.250045031,0.967718422);es=Enum.PoseEasingStyle.Linear;ed=Enum.PoseEasingDirection.In;time=0.03333330154418945;};["Left Leg"]={cf=CFrame.new(-0.345591247,0.19633615,-0.00653353333,0.98542136,0.013684283,0.169580206,-0.0171045922,0.999678373,0.01872476,-0.169269428,-0.0213523787,0.985338509);es=Enum.PoseEasingStyle.Linear;ed=Enum.PoseEasingDirection.In;time=0.03333330154418945;};["Right Arm"]={cf=CFrame.new(-0.0876341462,-0.533165693,0.129289627,-0.295945048,-0.506269217,-0.810005009,0.954077363,-0.197860956,-0.224916577,-0.046399951,-0.83937037,0.541575909);es=Enum.PoseEasingStyle.Linear;ed=Enum.PoseEasingDirection.In;time=0.03333330154418945;};["Right Leg"]={cf=CFrame.new(-0.292546481,0.0886011124,0.307293743,0.375221133,0.168136299,-0.911558926,-0.288939983,0.95562911,0.057329841,0.880751431,0.241874397,0.407153487);es=Enum.PoseEasingStyle.Linear;ed=Enum.PoseEasingDirection.In;time=0.03333330154418945;};["Left Arm"]={cf=CFrame.new(-0.183798611,-0.51356709,0.108373031,0.105733037,0.173458338,-0.979149044,-0.842510343,0.538661897,0.00444692373,0.52820164,0.824472964,0.20309478);es=Enum.PoseEasingStyle.Linear;ed=Enum.PoseEasingDirection.In;time=0.03333330154418945;};};{Time=0.699999988079071;["HumanoidRootPart"]={cf=CFrame.new(0,0,0,1,0,0,0,1,0,0,0,1);es=Enum.PoseEasingStyle.Linear;ed=Enum.PoseEasingDirection.In;time=0.03333336114883423;};["Torso"]={cf=CFrame.new(0.00367900729,-0.0798767433,-0.132329226,0.909137785,-0.413954169,0.0459392779,0.416495174,0.903466225,-0.101393089,0.000467501581,0.111313775,0.993785203);es=Enum.PoseEasingStyle.Linear;ed=Enum.PoseEasingDirection.In;time=0.03333336114883423;};["Head"]={cf=CFrame.new(7.4505806e-08,-7.4505806e-09,0.0182944238,0.641003788,-0.747942269,0.172326669,0.76688689,0.614865661,-0.183914602,0.0315997452,0.250045031,0.967718422);es=Enum.PoseEasingStyle.Linear;ed=Enum.PoseEasingDirection.In;time=0.03333336114883423;};["Left Leg"]={cf=CFrame.new(-0.345591247,0.19633615,-0.00653353333,0.98542136,0.013684283,0.169580206,-0.0171045922,0.999678373,0.01872476,-0.169269428,-0.0213523787,0.985338509);es=Enum.PoseEasingStyle.Linear;ed=Enum.PoseEasingDirection.In;time=0.03333336114883423;};["Right Arm"]={cf=CFrame.new(-0.0876341462,-0.533165693,0.129289627,-0.295945048,-0.506269217,-0.810005009,0.954077363,-0.197860956,-0.224916577,-0.046399951,-0.83937037,0.541575909);es=Enum.PoseEasingStyle.Linear;ed=Enum.PoseEasingDirection.In;time=0.03333336114883423;};["Right Leg"]={cf=CFrame.new(-0.292357504,0.0884085298,0.307856143,0.375243127,0.168214485,-0.911535203,-0.289289027,0.955528617,0.057244122,0.880627334,0.242216676,0.407218158);es=Enum.PoseEasingStyle.Linear;ed=Enum.PoseEasingDirection.In;time=0.03333336114883423;};["Left Arm"]={cf=CFrame.new(-0.183798611,-0.51356709,0.108373031,0.105733037,0.173458338,-0.979149044,-0.842510343,0.538661897,0.00444692373,0.52820164,0.824472964,0.20309478);es=Enum.PoseEasingStyle.Linear;ed=Enum.PoseEasingDirection.In;time=0.03333336114883423;};};{Time=0.7333333492279053;["HumanoidRootPart"]={cf=CFrame.new(0,0,0,1,0,0,0,1,0,0,0,1);es=Enum.PoseEasingStyle.Linear;ed=Enum.PoseEasingDirection.In;time=0.03333330154418945;};["Torso"]={cf=CFrame.new(-0.0137668569,-0.0856635422,-0.132329226,0.975988626,-0.216519833,0.0237780362,0.217821032,0.969915032,-0.10871426,0.000476119108,0.111283235,0.9937886);es=Enum.PoseEasingStyle.Linear;ed=Enum.PoseEasingDirection.In;time=0.03333330154418945;};["Head"]={cf=CFrame.new(9.77888703e-08,2.23517418e-08,0.0182942748,0.984228492,-0.176595837,-0.010403404,0.169164032,0.956750691,-0.236667722,0.0517480001,0.