-- // converted using mech's animoduler
local cfr = CFrame.new

return {{tm=0;["HumanoidRootPart"]={tm=.033;cf=cfr(0,0,0,1,0,0,0,1,0,0,0,1);es="Linear";ed="In";};["Torso"]={tm=.033;cf=cfr(.013,-.125,-.176,.98,-.198,.016,.198,.967,-.158,.016,.158,.987);es="Linear";ed="In";};["Head"]={tm=.033;cf=cfr(0,0,.018,.985,-.17,.008,.168,.968,-.185,.024,.184,.983);es="Linear";ed="In";};["Left Leg"]={tm=.033;cf=cfr(-.62,.332,-.321,.964,-.02,-.265,.088,.965,.247,.251,-.261,.932);es="Linear";ed="In";};["Right Arm"]={tm=.033;cf=cfr(-.026,-.717,-.042,-.45,-.444,-.775,.594,-.797,.111,-.666,-.41,.622);es="Linear";ed="In";};["Right Leg"]={tm=.033;cf=cfr(.554,.167,.221,.972,.222,-.07,-.218,.974,.066,.083,-.049,.995);es="Linear";ed="In";};["Left Arm"]={tm=.033;cf=cfr(-.16,-.375,.111,-.056,.138,-.989,-.817,.563,.125,.574,.815,.081);es="Linear";ed="In";};};{tm=.033;["HumanoidRootPart"]={tm=.034;cf=cfr(0,0,0,1,0,0,0,1,0,0,0,1);es="Linear";ed="In";};["Torso"]={tm=.034;cf=cfr(.013,-.125,-.176,.98,-.198,.016,.198,.967,-.158,.016,.158,.987);es="Linear";ed="In";};["Head"]={tm=.034;cf=cfr(0,0,.018,.985,-.17,.008,.168,.968,-.185,.024,.184,.983);es="Linear";ed="In";};["Left Leg"]={tm=.034;cf=cfr(-.62,.332,-.321,.964,-.02,-.265,.088,.965,.247,.251,-.261,.932);es="Linear";ed="In";};["Right Arm"]={tm=.034;cf=cfr(-.026,-.717,-.042,-.45,-.444,-.775,.594,-.797,.111,-.666,-.41,.622);es="Linear";ed="In";};["Right Leg"]={tm=.034;cf=cfr(.554,.167,.222,.972,.222,-.07,-.218,.974,.066,.083,-.049,.995);es="Linear";ed="In";};["Left Arm"]={tm=.034;cf=cfr(-.16,-.375,.111,-.056,.138,-.989,-.817,.563,.125,.574,.815,.081);es="Linear";ed="In";};};{tm=.067;["HumanoidRootPart"]={tm=.033;cf=cfr(0,0,0,1,0,0,0,1,0,0,0,1);es="Linear";ed="In";};["Torso"]={tm=.033;cf=cfr(.013,-.125,-.176,.98,-.198,.016,.198,.967,-.158,.016,.158,.987);es="Linear";ed="In";};["Head"]={tm=.033;cf=cfr(0,0,.018,.985,-.17,.008,.168,.968,-.185,.024,.184,.983);es="Linear";ed="In";};["Left Leg"]={tm=.033;cf=cfr(-.62,.332,-.321,.964,-.02,-.265,.088,.965,.247,.251,-.261,.932);es="Linear";ed="In";};["Right Arm"]={tm=.033;cf=cfr(-.026,-.717,-.042,-.45,-.444,-.775,.594,-.797,.111,-.666,-.41,.622);es="Linear";ed="In";};["Right Leg"]={tm=.033;cf=cfr(.555,.166,.222,.972,.223,-.07,-.218,.974,.066,.082,-.049,.995);es="Linear";ed="In";};["Left Arm"]={tm=.033;cf=cfr(-.16,-.375,.111,-.056,.138,-.989,-.817,.563,.125,.574,.815,.081);es="Linear";ed="In";};};{tm=.1;["HumanoidRootPart"]={tm=.033;cf=cfr(0,0,0,1,0,0,0,1,0,0,0,1);es="Linear";ed="In";};["Torso"]={tm=.033;cf=cfr(.013,-.125,-.176,.98,-.198,.016,.198,.967,-.158,.016,.158,.987);es="Linear";ed="In";};["Head"]={tm=.033;cf=cfr(0,0,.018,.985,-.17,.008,.168,.968,-.185,.024,.184,.983);es="Linear";ed="In";};["Left Leg"]={tm=.033;cf=cfr(-.62,.332,-.321,.964,-.02,-.265,.088,.965,.247,.251,-.261,.932);es="Linear";ed="In";};["Right Arm"]={tm=.033;cf=cfr(-.026,-.717,-.042,-.45,-.444,-.775,.594,-.797,.111,-.666,-.41,.622);es="Linear";ed="In";};["Right Leg"]={tm=.033;cf=cfr(.555,.166,.223,.972,.223,-.069,-.218,.974,.065,.082,-.048,.995);es="Linear";ed="In";};["Left Arm"]={tm=.033;cf=cfr(-.16,-.375,.111,-.056,.138,-.989,-.817,.563,.125,.574,.815,.081);es="Linear";ed="In";};};{tm=.133;["HumanoidRootPart"]={tm=.034;cf=cfr(0,0,0,1,0,0,0,1,0,0,0,1);es="Linear";ed="In";};["Torso"]={tm=.034;cf=cfr(.013,-.125,-.176,.98,-.198,.016,.198,.967,-.158,.016,.158,.987);es="Linear";ed="In";};["Head"]={tm=.034;cf=cfr(0,0,.018,.985,-.17,.008,.168,.968,-.185,.024,.184,.983);es="Linear";ed="In";};["Left Leg"]={tm=.034;cf=cfr(-.62,.332,-.321,.964,-.02,-.265,.088,.965,.247,.251,-.261,.932);es="Linear";ed="In";};["Right Arm"]={tm=.034;cf=cfr(-.026,-.717,-.042,-.45,-.444,-.775,.594,-.797,.111,-.666,-.41,.622);es="Linear";ed="In";};["Right Leg"]={tm=.034;cf=cfr(.556,.166,.223,.972,.223,-.069,-.218,.974,.065,.081,-.048,.996);es="Linear";ed="In";};["Left Arm"]={tm=.034;cf=cfr(-.16,-.375,.111,-.056,.138,-.989,-.817,.563,.125,.574,.815,.081);es="Linear";ed="In";};};{tm=.167;["HumanoidRootPart"]={tm=.033;cf=cfr(0,0,0,1,0,0,0,1,0,0,0,1);es="Linear";ed="In";};["Torso"]={tm=.033;cf=cfr(.013,-.125,-.176,.98,-.198,.016,.198,.967,-.158,.016,.158,.987);es="Linear";ed="In";};["Head"]={tm=.033;cf=cfr(0,0,.018,.985,-.17,.008,.168,.968,-.185,.024,.184,.983);es="Linear";ed="In";};["Left Leg"]={tm=.033;cf=cfr(-.62,.332,-.321,.964,-.02,-.265,.088,.965,.247,.251,-.261,.932);es="Linear";ed="In";};["Right Arm"]={tm=.033;cf=cfr(-.026,-.717,-.042,-.45,-.444,-.775,.594,-.797,.111,-.666,-.41,.622);es="Linear";ed="In";};["Right Leg"]={tm=.033;cf=cfr(.556,.166,.224,.972,.223,-.068,-.219,.974,.065,.081,-.048,.996);es="Linear";ed="In";};["Left Arm"]={tm=.033;cf=cfr(-.16,-.375,.111,-.056,.138,-.989,-.817,.563,.125,.574,.815,.081);es="Linear";ed="In";};};{tm=.2;["HumanoidRootPart"]={tm=.033;cf=cfr(0,0,0,1,0,0,0,1,0,0,0,1);es="Linear";ed="In";};["Torso"]={tm=.033;cf=cfr(.013,-.125,-.176,.98,-.198,.016,.198,.967,-.158,.016,.158,.987);es="Linear";ed="In";};["Head"]={tm=.033;cf=cfr(0,0,.018,.985,-.17,.008,.168,.968,-.185,.024,.184,.983);es="Linear";ed="In";};["Left Leg"]={tm=.033;cf=cfr(-.62,.332,-.321,.964,-.02,-.265,.088,.965,.247,.251,-.261,.932);es="Linear";ed="In";};["Right Arm"]={tm=.033;cf=cfr(-.026,-.717,-.042,-.45,-.444,-.775,.594,-.797,.111,-.666,-.41,.622);es="Linear";ed="In";};["Right Leg"]={tm=.033;cf=cfr(.557,.165,.224,.972,.223,-.068,-.219,.974,.064,.081,-.048,.996);es="Linear";ed="In";};["Left Arm"]={tm=.033;cf=cfr(-.16,-.375,.111,-.056,.138,-.989,-.817,.563,.125,.574,.815,.081);es="Linear";ed="In";};};{tm=.233;["HumanoidRootPart"]={tm=.034;cf=cfr(0,0,0,1,0,0,0,1,0,0,0,1);es="Linear";ed="In";};["Torso"]={tm=.034;cf=cfr(.013,-.125,-.176,.98,-.198,.016,.198,.967,-.158,.016,.158,.987);es="Linear";ed="In";};["Head"]={tm=.034;cf=cfr(0,0,.018,.985,-.17,.008,.168,.968,-.185,.024,.184,.983);es="Linear";ed="In";};["Left Leg"]={tm=.034;cf=cfr(-.62,.332,-.321,.964,-.02,-.265,.088,.965,.247,.251,-.261,.932);es="Linear";ed="In";};["Right Arm"]={tm=.034;cf=cfr(-.026,-.717,-.042,-.45,-.444,-.775,.594,-.797,.111,-.666,-.41,.622);es="Linear";ed="In";};["Right Leg"]={tm=.034;cf=cfr(.557,.165,.225,.972,.223,-.068,-.219,.974,.064,.08,-.047,.996);es="Linear";ed="In";};["Left Arm"]={tm=.034;cf=cfr(-.16,-.375,.111,-.056,.138,-.989,-.817,.563,.125,.574,.815,.081);es="Linear";ed="In";};};{tm=.267;["HumanoidRootPart"]={tm=.032999999999999974;cf=cfr(0,0,0,1,0,0,0,1,0,0,0,1);es="Linear";ed="In";};["Torso"]={tm=.032999999999999974;cf=cfr(.013,-.125,-.176,.98,-.198,.016,.198,.967,-.158,.016,.158,.987);es="Linear";ed="In";};["Head"]={tm=.032999999999999974;cf=cfr(0,0,.018,.985,-.17,.008,.168,.968,-.185,.024,.184,.983);es="Linear";ed="In";};["Left Leg"]={tm=.032999999999999974;cf=cfr(-.62,.332,-.321,.964,-.02,-.265,.088,.965,.247,.251,-.261,.932);es="Linear";ed="In";};["Right Arm"]={tm=.032999999999999974;cf=cfr(-.026,-.717,-.042,-.45,-.444,-.775,.594,-.797,.111,-.666,-.41,.622);es="Linear";ed="In";};["Right Leg"]={tm=.032999999999999974;cf=cfr(.557,.165,.225,.972,.223,-.068,-.219,.974,.064,.08,-.047,.996);es="Linear";ed="In";};["Left Arm"]={tm=.032999999999999974;cf=cfr(-.16,-.375,.111,-.056,.138,-.989,-.817,.563,.125,.574,.815,.081);es="Linear";ed="In";};};{tm=.3;["HumanoidRootPart"]={tm=.03300000000000003;cf=cfr(0,0,0,1,0,0,0,1,0,0,0,1);es="Linear";ed="In";};["Torso"]={tm=.03300000000000003;cf=cfr(.013,-.125,-.176,.98,-.198,.016,.198,.967,-.158,.016,.158,.987);es="Linear";ed="In";};["Head"]={tm=.03300000000000003;cf=cfr(0,0,.018,.985,-.17,.008,.168,.968,-.185,.024,.184,.983);es="Linear";ed="In";};["Left Leg"]={tm=.03300000000000003;cf=cfr(-.62,.332,-.321,.964,-.02,-.265,.088,.965,.247,.251,-.261,.932);es="Linear";ed="In";};["Right Arm"]={tm=.03300000000000003;cf=cfr(-.026,-.717,-.042,-.45,-.444,-.775,.594,-.797,.111,-.666,-.41,.622);es="Linear";ed="In";};["Right Leg"]={tm=.03300000000000003;cf=cfr(.558,.165,.226,.972,.224,-.067,-.219,.974,.064,.08,-.047,.996);es="Linear";ed="In";};["Left Arm"]={tm=.03300000000000003;cf=cfr(-.16,-.375,.111,-.056,.138,-.989,-.817,.563,.125,.574,.815,.081);es="Linear";ed="In";};};{tm=.333;["HumanoidRootPart"]={tm=.033999999999999975;cf=cfr(0,0,0,1,0,0,0,1,0,0,0,1);es="Linear";ed="In";};["Torso"]={tm=.033999999999999975;cf=cfr(.013,-.125,-.176,.98,-.198,.016,.198,.967,-.158,.016,.158,.987);es="Linear";ed="In";};["Head"]={tm=.033999999999999975;cf=cfr(0,0,.018,.985,-.17,.008,.168,.968,-.185,.024,.184,.983);es="Linear";ed="In";};["Left Leg"]={tm=.033999999999999975;cf=cfr(-.62,.332,-.321,.964,-.02,-.265,.088,.965,.247,.251,-.261,.932);es="Linear";ed="In";};["Right Arm"]={tm=.033999999999999975;cf=cfr(-.026,-.717,-.042,-.45,-.444,-.775,.594,-.797,.111,-.666,-.41,.622);es="Linear";ed="In";};["Right Leg"]={tm=.033999999999999975;cf=cfr(.558,.165,.226,.972,.224,-.067,-.22,.974,.063,.079,-.047,.996);es="Linear";ed="In";};["Left Arm"]={tm=.033999999999999975;cf=cfr(-.16,-.375,.111,-.056,.138,-.989,-.817,.563,.125,.574,.815,.081);es="Linear";ed="In";};};{tm=.367;["HumanoidRootPart"]={tm=.03300000000000003;cf=cfr(0,0,0,1,0,0,0,1,0,0,0,1);es="Linear";ed="In";};["Torso"]={tm=.03300000000000003;cf=cfr(.094,-.08,-.132,.909,-.414,.046,.416,.903,-.101,0,.111,.994);es="Linear";ed="In";};["Head"]={tm=.03300000000000003;cf=cfr(0,0,.018,.641,-.748,.172,.767,.615,-.184,.032,.25,.968);es="Linear";ed="In";};["Left Leg"]={tm=.03300000000000003;cf=cfr(-.344,.248,.019,.969,.006,.248,-.015,.999,.035,-.248,-.038,.968);es="Linear";ed="In";};["Right Arm"]={tm=.03300000000000003;cf=cfr(-.103,-.552,.141,-.328,-.429,-.842,.943,-.099,-.317,.053,-.898,.437);es="Linear";ed="In";};["Right Leg"]={tm=.03300000000000003;cf=cfr(-.248,.104,.266,.477,.192,-.858,-.221,.971,.094,.85,.145,.506);es="Linear";ed="In";};["Left Arm"]={tm=.03300000000000003;cf=cfr(-.163,-.395,.127,.257,.156,-.954,-.742,.665,-.091,.62,.731,.286);es="Linear";ed="In";};};{tm=.4;["HumanoidRootPart"]={tm=.032999999999999974;cf=cfr(0,0,0,1,0,0,0,1,0,0,0,1);es="Linear";ed="In";};["Torso"]={tm=.032999999999999974;cf=cfr(.07,-.08,-.132,.909,-.414,.046,.416,.903,-.101,0,.111,.994);es="Linear";ed="In";};["Head"]={tm=.032999999999999974;cf=cfr(0,0,.018,.641,-.748,.172,.767,.615,-.184,.032,.25,.968);es="Linear";ed="In";};["Left Leg"]={tm=.032999999999999974;cf=cfr(-.334,.22,.022,.97,.004,.244,-.008,1,.015,-.243,-.016,.97);es="Linear";ed="In";};["Right Arm"]={tm=.032999999999999974;cf=cfr(-.103,-.552,.141,-.328,-.429,-.842,.943,-.099,-.317,.053,-.898,.437);es="Linear";ed="In";};["Right Leg"]={tm=.032999999999999974;cf=cfr(-.296,.098,.248,.414,.173,-.894,-.226,.971,.083,.882,.168,.44);es="Linear";ed="In";};["Left Arm"]={tm=.032999999999999974;cf=cfr(-.168,-.426,.122,.219,.16,-.962,-.773,.631,-.071,.596,.759,.262);es="Linear";ed="In";};};{tm=.433;["HumanoidRootPart"]={tm=.03400000000000003;cf=cfr(0,0,0,1,0,0,0,1,0,0,0,1);es="Linear";ed="In";};["Torso"]={tm=.03400000000000003;cf=cfr(.027,-.08,-.132,.909,-.414,.046,.416,.903,-.101,0,.111,.994);es="Linear";ed="In";};["Head"]={tm=.03400000000000003;cf=cfr(0,0,.018,.641,-.748,.172,.767,.615,-.184,.032,.25,.968);es="Linear";ed="In";};["Left Leg"]={tm=.03400000000000003;cf=cfr(-.321,.197,.019,.972,.01,.233,-.012,1,.005,-.233,-.008,.972);es="Linear";ed="In";};["Right Arm"]={tm=.03400000000000003;cf=cfr(-.103,-.552,.141,-.328,-.429,-.842,.943,-.099,-.317,.053,-.898,.437);es="Linear";ed="In";};["Right Leg"]={tm=.03400000000000003;cf=cfr(-.306,.082,.253,.398,.161,-.903,-.246,.967,.065,.884,.196,.425);es="Linear";ed="In";};["Left Arm"]={tm=.03400000000000003;cf=cfr(-.179,-.483,.113,.146,.17,-.975,-.82,.571,-.023,.553,.803,.223);es="Linear";ed="In";};};{tm=.467;["HumanoidRootPart"]={tm=.032999999999999974;cf=cfr(0,0,0,1,0,0,0,1,0,0,0,1);es="Linear";ed="In";};["Torso"]={tm=.032999999999999974;cf=cfr(.004,-.08,-.132,.909,-.414,.046,.416,.903,-.101,0,.111,.994);es="Linear";ed="In";};["Head"]={tm=.032999999999999974;cf=cfr(0,0,.018,.641,-.748,.172,.767,.615,-.184,.032,.25,.968);es="Linear";ed="In";};["Left Leg"]={tm=.032999999999999974;cf=cfr(-.323,.191,.01,.978,.014,.21,-.016,1,.007,-.21,-.011,.978);es="Linear";ed="In";};["Right Arm"]={tm=.032999999999999974;cf=cfr(-.088,-.533,.129,-.296,-.506,-.81,.954,-.198,-.225,-.046,-.839,.542);es="Linear";ed="In";};["Right Leg"]={tm=.032999999999999974;cf=cfr(-.311,.073,.255,.392,.155,-.907,-.256,.965,.054,.884,.211,.418);es="Linear";ed="In";};["Left Arm"]={tm=.032999999999999974;cf=cfr(-.184,-.514,.108,.106,.173,-.979,-.843,.539,.004,.528,.824,.203);es="Linear";ed="In";};};{tm=.5;["HumanoidRootPart"]={tm=.03300000000000003;cf=cfr(0,0,0,1,0,0,0,1,0,0,0,1);es="Linear";ed="In";};["Torso"]={tm=.03300000000000003;cf=cfr(.004,-.08,-.132,.909,-.414,.046,.416,.903,-.101,0,.111,.994);es="Linear";ed="In";};["Head"]={tm=.03300000000000003;cf=cfr(0,0,.018,.641,-.748,.172,.767,.615,-.184,.032,.25,.968);es="Linear";ed="In";};["Left Leg"]={tm=.03300000000000003;cf=cfr(-.339,.195,-.001,.983,.014,.182,-.017,1,.015,-.182,-.018,.983);es="Linear";ed="In";};["Right Arm"]={tm=.03300000000000003;cf=cfr(-.088,-.533,.129,-.296,-.506,-.81,.954,-.198,-.225,-.046,-.839,.542);es="Linear";ed="In";};["Right Leg"]={tm=.03300000000000003;cf=cfr(-.304,.081,.279,.38,.161,-.911,-.272,.961,.056,.884,.227,.408);es="Linear";ed="In";};["Left Arm"]={tm=.03300000000000003;cf=cfr(-.184,-.514,.108,.106,.173,-.979,-.843,.539,.004,.528,.824,.203);es="Linear";ed="In";};};{tm=.533;["HumanoidRootPart"]={tm=.03399999999999992;cf=cfr(0,0,0,1,0,0,0,1,0,0,0,1);es="Linear";ed="In";};["Torso"]={tm=.03399999999999992;cf=cfr(.004,-.08,-.132,.909,-.414,.046,.416,.903,-.101,0,.111,.994);es="Linear";ed="In";};["Head"]={tm=.03399999999999992;cf=cfr(0,0,.018,.641,-.748,.172,.767,.615,-.184,.032,.25,.968);es="Linear";ed="In";};["Left Leg"]={tm=.03399999999999992;cf=cfr(-.346,.196,-.007,.985,.014,.17,-.017,1,.019,-.169,-.021,.985);es="Linear";ed="In";};["Right Arm"]={tm=.03399999999999992;cf=cfr(-.088,-.533,.129,-.296,-.506,-.81,.954,-.198,-.225,-.046,-.839,.542);es="Linear";ed="In";};["Right Leg"]={tm=.03399999999999992;cf=cfr(-.293,.089,.305,.375,.168,-.912,-.288,.956,.058,.881,.241,.407);es="Linear";ed="In";};["Left Arm"]={tm=.03399999999999992;cf=cfr(-.184,-.514,.108,.106,.173,-.979,-.843,.539,.004,.528,.824,.203);es="Linear";ed="In";};};{tm=.567;["HumanoidRootPart"]={tm=.03300000000000003;cf=cfr(0,0,0,1,0,0,0,1,0,0,0,1);es="Linear";ed="In";};["Torso"]={tm=.03300000000000003;cf=cfr(.004,-.08,-.132,.909,-.414,.046,.416,.903,-.101,0,.111,.994);es="Linear";ed="In";};["Head"]={tm=.03300000000000003;cf=cfr(0,0,.018,.641,-.748,.172,.767,.615,-.184,.032,.25,.968);es="Linear";ed="In";};["Left Leg"]={tm=.03300000000000003;cf=cfr(-.346,.196,-.007,.985,.014,.17,-.017,1,.019,-.169,-.021,.985);es="Linear";ed="In";};["Right Arm"]={tm=.03300000000000003;cf=cfr(-.088,-.533,.129,-.296,-.506,-.81,.954,-.198,-.225,-.046,-.839,.542);es="Linear";ed="In";};["Right Leg"]={tm=.03300000000000003;cf=cfr(-.293,.089,.306,.375,.168,-.912,-.288,.956,.057,.881,.241,.407);es="Linear";ed="In";};["Left Arm"]={tm=.03300000000000003;cf=cfr(-.184,-.514,.108,.106,.173,-.979,-.843,.539,.004,.528,.824,.203);es="Linear";ed="In";};};{tm=.6;["HumanoidRootPart"]={tm=.03300000000000003;cf=cfr(0,0,0,1,0,0,0,1,0,0,0,1);es="Linear";ed="In";};["Torso"]={tm=.03300000000000003;cf=cfr(.004,-.08,-.132,.909,-.414,.046,.416,.903,-.101,0,.111,.994);es="Linear";ed="In";};["Head"]={tm=.03300000000000003;cf=cfr(0,0,.018,.641,-.748,.172,.767,.615,-.184,.032,.25,.968);es="Linear";ed="In";};["Left Leg"]={tm=.03300000000000003;cf=cfr(-.346,.196,-.007,.985,.014,.17,-.017,1,.019,-.169,-.021,.985);es="Linear";ed="In";};["Right Arm"]={tm=.03300000000000003;cf=cfr(-.088,-.533,.129,-.296,-.506,-.81,.954,-.198,-.225,-.046,-.839,.542);es="Linear";ed="In";};["Right Leg"]={tm=.03300000000000003;cf=cfr(-.293,.089,.306,.375,.168,-.912,-.288,.956,.057,.881,.241,.407);es="Linear";ed="In";};["Left Arm"]={tm=.03300000000000003;cf=cfr(-.184,-.514,.108,.106,.173,-.979,-.843,.539,.004,.528,.824,.203);es="Linear";ed="In";};};{tm=.633;["HumanoidRootPart"]={tm=.03400000000000003;cf=cfr(0,0,0,1,0,0,0,1,0,0,0,1);es="Linear";ed="In";};["Torso"]={tm=.03400000000000003;cf=cfr(.004,-.08,-.132,.909,-.414,.046,.416,.903,-.101,0,.111,.994);es="Linear";ed="In";};["Head"]={tm=.03400000000000003;cf=cfr(0,0,.018,.641,-.748,.172,.767,.615,-.184,.032,.25,.968);es="Linear";ed="In";};["Left Leg"]={tm=.03400000000000003;cf=cfr(-.346,.196,-.007,.985,.014,.17,-.017,1,.019,-.169,-.021,.985);es="Linear";ed="In";};["Right Arm"]={tm=.03400000000000003;cf=cfr(-.088,-.533,.129,-.296,-.506,-.81,.954,-.198,-.225,-.046,-.839,.542);es="Linear";ed="In";};["Right Leg"]={tm=.03400000000000003;cf=cfr(-.293,.089,.307,.375,.168,-.912,-.289,.956,.057,.881,.242,.407);es="Linear";ed="In";};["Left Arm"]={tm=.03400000000000003;cf=cfr(-.184,-.514,.108,.106,.173,-.979,-.843,.539,.004,.528,.824,.203);es="Linear";ed="In";};};{tm=.667;["HumanoidRootPart"]={tm=.03299999999999992;cf=cfr(0,0,0,1,0,0,0,1,0,0,0,1);es="Linear";ed="In";};["Torso"]={tm=.03299999999999992;cf=cfr(.004,-.08,-.132,.909,-.414,.046,.416,.903,-.101,0,.111,.994);es="Linear";ed="In";};["Head"]={tm=.03299999999999992;cf=cfr(0,0,.018,.641,-.748,.172,.767,.615,-.184,.032,.25,.968);es="Linear";ed="In";};["Left Leg"]={tm=.03299999999999992;cf=cfr(-.346,.196,-.007,.985,.014,.17,-.017,1,.019,-.169,-.021,.985);es="Linear";ed="In";};["Right Arm"]={tm=.03299999999999992;cf=cfr(-.088,-.533,.129,-.296,-.506,-.81,.954,-.198,-.225,-.046,-.839,.542);es="Linear";ed="In";};["Right Leg"]={tm=.03299999999999992;cf=cfr(-.293,.089,.307,.375,.168,-.912,-.289,.956,.057,.881,.242,.407);es="Linear";ed="In";};["Left Arm"]={tm=.03299999999999992;cf=cfr(-.184,-.514,.108,.106,.173,-.979,-.843,.539,.004,.528,.824,.203);es="Linear";ed="In";};};{tm=.7;["HumanoidRootPart"]={tm=.03300000000000003;cf=cfr(0,0,0,1,0,0,0,1,0,0,0,1);es="Linear";ed="In";};["Torso"]={tm=.03300000000000003;cf=cfr(.004,-.08,-.132,.909,-.414,.046,.416,.903,-.101,0,.111,.994);es="Linear";ed="In";};["Head"]={tm=.03300000000000003;cf=cfr(0,0,.018,.641,-.748,.172,.767,.615,-.184,.032,.25,.968);es="Linear";ed="In";};["Left Leg"]={tm=.03300000000000003;cf=cfr(-.346,.196,-.007,.985,.014,.17,-.017,1,.019,-.169,-.021,.985);es="Linear";ed="In";};["Right Arm"]={tm=.03300000000000003;cf=cfr(-.088,-.533,.129,-.296,-.506,-.81,.954,-.198,-.225,-.046,-.839,.542);es="Linear";ed="In";};["Right Leg"]={tm=.03300000000000003;cf=cfr(-.292,.088,.308,.375,.168,-.912,-.289,.956,.057,.881,.242,.407);es="Linear";ed="In";};["Left Arm"]={tm=.03300000000000003;cf=cfr(-.184,-.514,.108,.106,.173,-.979,-.843,.539,.004,.528,.824,.203);es="Linear";ed="In";};};{tm=.733;["HumanoidRootPart"]={tm=.03400000000000003;cf=cfr(0,0,0,1,0,0,0,1,0,0,0,1);es="Linear";ed="In";};["Torso"]={tm=.03400000000000003;cf=cfr(-.014,-.086,-.132,.976,-.217,.024,.218,.97,-.109,0,.111,.994);es="Linear";ed="In";};["Head"]={tm=.03400000000000003;cf=cfr(0,0,.018,.984,-.177,-.01,.169,.957,-.237,.052,.231,.972);es="Linear";ed="In";};["Left Leg"]={tm=.03400000000000003;cf=cfr(-.533,.218,-.186,.984,-.052,-.171,.074,.99,.123,.163,-.134,.978);es="Linear";ed="In";};["Right Arm"]={tm=.03400000000000003;cf=cfr(-.129,-.326,.057,-.836,-.356,-.416,.475,-.85,-.228,-.273,-.389,.88);es="Linear";ed="In";};["Right Leg"]={tm=.03400000000000003;cf=cfr(.668,.097,.123,.954,.265,.143,-.271,.962,.027,-.13,-.065,.989);es="Linear";ed="In";};["Left Arm"]={tm=.03400000000000003;cf=cfr(-.184,-.514,.108,.106,.173,-.979,-.843,.539,.004,.528,.824,.203);es="Linear";ed="In";};};{tm=.767;["HumanoidRootPart"]={tm=.03300000000000003;cf=cfr(0,0,0,1,0,0,0,1,0,0,0,1);es="Linear";ed="In";};["Torso"]={tm=.03300000000000003;cf=cfr(-.014,-.086,-.132,.976,-.217,.024,.218,.97,-.109,0,.111,.994);es="Linear";ed="In";};["Head"]={tm=.03300000000000003;cf=cfr(0,0,.018,.984,-.177,-.01,.169,.957,-.237,.052,.231,.972);es="Linear";ed="In";};["Left Leg"]={tm=.03300000000000003;cf=cfr(-.533,.218,-.186,.984,-.052,-.171,.074,.99,.123,.163,-.134,.978);es="Linear";ed="In";};["Right Arm"]={tm=.03300000000000003;cf=cfr(-.129,-.326,.057,-.836,-.356,-.416,.475,-.85,-.228,-.273,-.389,.88);es="Linear";ed="In";};["Right Leg"]={tm=.03300000000000003;cf=cfr(.669,.097,.123,.954,.265,.143,-.271,.962,.027,-.13,-.064,.989);es="Linear";ed="In";};["Left Arm"]={tm=.03300000000000003;cf=cfr(-.184,-.514,.108,.106,.173,-.979,-.843,.539,.004,.528,.824,.203);es="Linear";ed="In";};};{tm=.8;["HumanoidRootPart"]={tm=.03299999999999992;cf=cfr(0,0,0,1,0,0,0,1,0,0,0,1);es="Linear";ed="In";};["Torso"]={tm=.03299999999999992;cf=cfr(-.062,-.086,-.132,.976,-.217,.024,.218,.97,-.109,0,.111,.994);es="Linear";ed="In";};["Head"]={tm=.03299999999999992;cf=cfr(0,0,.018,.984,-.177,-.01,.169,.957,-.237,.052,.231,.972);es="Linear";ed="In";};["Left Leg"]={tm=.03299999999999992;cf=cfr(-.533,.218,-.186,.984,-.052,-.171,.074,.99,.123,.163,-.134,.978);es="Linear";ed="In";};["Right Arm"]={tm=.03299999999999992;cf=cfr(-.129,-.326,.057,-.836,-.356,-.416,.475,-.85,-.228,-.273,-.389,.88);es="Linear";ed="In";};["Right Leg"]={tm=.03299999999999992;cf=cfr(.669,.097,.123,.954,.265,.143,-.272,.962,.027,-.131,-.064,.989);es="Linear";ed="In";};["Left Arm"]={tm=.03299999999999992;cf=cfr(-.184,-.514,.108,.106,.173,-.979,-.843,.539,.004,.528,.824,.203);es="Linear";ed="In";};};{tm=.833;["HumanoidRootPart"]={tm=.03400000000000003;cf=cfr(0,0,0,1,0,0,0,1,0,0,0,1);es="Linear";ed="In";};["Torso"]={tm=.03400000000000003;cf=cfr(-.11,-.086,-.132,.976,-.217,.024,.218,.97,-.109,0,.111,.994);es="Linear";ed="In";};["Head"]={tm=.03400000000000003;cf=cfr(0,0,.018,.984,-.177,-.01,.169,.957,-.237,.052,.231,.972);es="Linear";ed="In";};["Left Leg"]={tm=.03400000000000003;cf=cfr(-.533,.218,-.186,.984,-.052,-.171,.074,.99,.123,.163,-.134,.978);es="Linear";ed="In";};["Right Arm"]={tm=.03400000000000003;cf=cfr(-.129,-.326,.057,-.836,-.356,-.416,.475,-.85,-.228,-.273,-.389,.88);es="Linear";ed="In";};["Right Leg"]={tm=.03400000000000003;cf=cfr(.669,.096,.124,.953,.265,.143,-.272,.962,.026,-.131,-.064,.989);es="Linear";ed="In";};["Left Arm"]={tm=.03400000000000003;cf=cfr(-.184,-.514,.108,.106,.173,-.979,-.843,.539,.004,.528,.824,.203);es="Linear";ed="In";};};{tm=.867;["HumanoidRootPart"]={tm=.03300000000000003;cf=cfr(0,0,0,1,0,0,0,1,0,0,0,1);es="Linear";ed="In";};["Torso"]={tm=.03300000000000003;cf=cfr(-.11,-.086,-.132,.976,-.217,.024,.218,.97,-.109,0,.111,.994);es="Linear";ed="In";};["Head"]={tm=.03300000000000003;cf=cfr(0,0,.018,.984,-.177,-.01,.169,.957,-.237,.052,.231,.972);es="Linear";ed="In";};["Left Leg"]={tm=.03300000000000003;cf=cfr(-.533,.218,-.186,.984,-.052,-.171,.074,.99,.123,.163,-.134,.978);es="Linear";ed="In";};["Right Arm"]={tm=.03300000000000003;cf=cfr(-.129,-.326,.057,-.836,-.356,-.416,.475,-.85,-.228,-.273,-.389,.88);es="Linear";ed="In";};["Right Leg"]={tm=.03300000000000003;cf=cfr(.67,.096,.124,.953,.265,.144,-.272,.962,.026,-.131,-.064,.989);es="Linear";ed="In";};["Left Arm"]={tm=.03300000000000003;cf=cfr(-.184,-.514,.108,.106,.173,-.979,-.843,.539,.004,.528,.824,.203);es="Linear";ed="In";};};{tm=.9;["HumanoidRootPart"]={tm=.03300000000000003;cf=cfr(0,0,0,1,0,0,0,1,0,0,0,1);es="Linear";ed="In";};["Torso"]={tm=.03300000000000003;cf=cfr(-.11,-.086,-.132,.976,-.217,.024,.218,.97,-.109,0,.111,.994);es="Linear";ed="In";};["Head"]={tm=.03300000000000003;cf=cfr(0,0,.018,.984,-.177,-.01,.169,.957,-.237,.052,.231,.972);es="Linear";ed="In";};["Left Leg"]={tm=.03300000000000003;cf=cfr(-.533,.218,-.186,.984,-.052,-.171,.074,.99,.123,.163,-.134,.978);es="Linear";ed="In";};["Right Arm"]={tm=.03300000000000003;cf=cfr(-.129,-.326,.057,-.836,-.356,-.416,.475,-.85,-.228,-.273,-.389,.88);es="Linear";ed="In";};["Right Leg"]={tm=.03300000000000003;cf=cfr(.67,.096,.124,.953,.265,.144,-.272,.962,.026,-.132,-.064,.989);es="Linear";ed="In";};["Left Arm"]={tm=.03300000000000003;cf=cfr(-.184,-.514,.108,.106,.173,-.979,-.843,.539,.004,.528,.824,.203);es="Linear";ed="In";};};{tm=.933;["HumanoidRootPart"]={tm=.03399999999999992;cf=cfr(0,0,0,1,0,0,0,1,0,0,0,1);es="Linear";ed="In";};["Torso"]={tm=.03399999999999992;cf=cfr(-.11,-.086,-.132,.976,-.217,.024,.218,.97,-.109,0,.111,.994);es="Linear";ed="In";};["Head"]={tm=.03399999999999992;cf=cfr(0,0,.018,.984,-.177,-.01,.169,.957,-.237,.052,.231,.972);es="Linear";ed="In";};["Left Leg"]={tm=.03399999999999992;cf=cfr(-.533,.218,-.186,.984,-.052,-.171,.074,.99,.123,.163,-.134,.978);es="Linear";ed="In";};["Right Arm"]={tm=.03399999999999992;cf=cfr(-.129,-.326,.057,-.836,-.356,-.416,.475,-.85,-.228,-.273,-.389,.88);es="Linear";ed="In";};["Right Leg"]={tm=.03399999999999992;cf=cfr(.67,.096,.124,.953,.265,.144,-.272,.962,.026,-.132,-.064,.989);es="Linear";ed="In";};["Left Arm"]={tm=.03399999999999992;cf=cfr(-.184,-.514,.108,.106,.173,-.979,-.843,.539,.004,.528,.824,.203);es="Linear";ed="In";};};{tm=.967;["HumanoidRootPart"]={tm=.03300000000000003;cf=cfr(0,0,0,1,0,0,0,1,0,0,0,1);es="Linear";ed="In";};["Torso"]={tm=.03300000000000003;cf=cfr(-.11,-.086,-.132,.976,-.217,.024,.218,.97,-.109,0,.111,.994);es="Linear";ed="In";};["Head"]={tm=.03300000000000003;cf=cfr(0,0,.018,.984,-.177,-.01,.169,.957,-.237,.052,.231,.972);es="Linear";ed="In";};["Left Leg"]={tm=.03300000000000003;cf=cfr(-.533,.218,-.186,.984,-.052,-.171,.074,.99,.123,.163,-.134,.978);es="Linear";ed="In";};["Right Arm"]={tm=.03300000000000003;cf=cfr(-.129,-.326,.057,-.836,-.356,-.416,.475,-.85,-.228,-.273,-.389,.88);es="Linear";ed="In";};["Right Leg"]={tm=.03300000000000003;cf=cfr(.671,.096,.125,.953,.265,.145,-.272,.962,.025,-.133,-.064,.989);es="Linear";ed="In";};["Left Arm"]={tm=.03300000000000003;cf=cfr(-.184,-.514,.108,.106,.173,-.979,-.843,.539,.004,.528,.824,.203);es="Linear";ed="In";};};{tm=1;["HumanoidRootPart"]={tm=.03299999999999992;cf=cfr(0,0,0,1,0,0,0,1,0,0,0,1);es="Linear";ed="In";};["Torso"]={tm=.03299999999999992;cf=cfr(-.11,-.086,-.132,.976,-.217,.024,.218,.97,-.109,0,.111,.994);es="Linear";ed="In";};["Head"]={tm=.03299999999999992;cf=cfr(0,0,.018,.984,-.177,-.01,.169,.957,-.237,.052,.231,.972);es="Linear";ed="In";};["Left Leg"]={tm=.03299999999999992;cf=cfr(-.533,.218,-.186,.984,-.052,-.171,.074,.99,.123,.163,-.134,.978);es="Linear";ed="In";};["Right Arm"]={tm=.03299999999999992;cf=cfr(-.129,-.326,.057,-.836,-.356,-.416,.475,-.85,-.228,-.273,-.389,.88);es="Linear";ed="In";};["Right Leg"]={tm=.03299999999999992;cf=cfr(.671,.096,.125,.953,.266,.145,-.272,.962,.025,-.133,-.063,.989);es="Linear";ed="In";};["Left Arm"]={tm=.03299999999999992;cf=cfr(-.184,-.514,.108,.106,.173,-.979,-.843,.539,.004,.528,.824,.203);es="Linear";ed="In";};};{tm=1.033;["HumanoidRootPart"]={tm=.03400000000000003;cf=cfr(0,0,0,1,0,0,0,1,0,0,0,1);es="Linear";ed="In";};["Torso"]={tm=.03400000000000003;cf=cfr(-.11,-.086,-.132,.976,-.217,.024,.218,.97,-.109,0,.111,.994);es="Linear";ed="In";};["Head"]={tm=.03400000000000003;cf=cfr(0,0,.018,.984,-.177,-.01,.169,.957,-.237,.052,.231,.972);es="Linear";ed="In";};["Left Leg"]={tm=.03400000000000003;cf=cfr(-.533,.218,-.186,.984,-.052,-.171,.074,.99,.123,.163,-.134,.978);es="Linear";ed="In";};["Right Arm"]={tm=.03400000000000003;cf=cfr(-.129,-.326,.057,-.836,-.356,-.416,.475,-.85,-.228,-.273,-.389,.88);es="Linear";ed="In";};["Right Leg"]={tm=.03400000000000003;cf=cfr(.671,.095,.125,.953,.266,.145,-.272,.962,.025,-.133,-.063,.989);es="Linear";ed="In";};["Left Arm"]={tm=.03400000000000003;cf=cfr(-.184,-.514,.108,.106,.173,-.979,-.843,.539,.004,.528,.824,.203);es="Linear";ed="In";};};{tm=1.067;["HumanoidRootPart"]={tm=.03300000000000014;cf=cfr(0,0,0,1,0,0,0,1,0,0,0,1);es="Linear";ed="In";};["Torso"]={tm=.03300000000000014;cf=cfr(-.11,-.086,-.132,.976,-.217,.024,.218,.97,-.109,0,.111,.994);es="Linear";ed="In";};["Head"]={tm=.03300000000000014;cf=cfr(0,0,.018,.984,-.177,-.01,.169,.957,-.237,.052,.231,.972);es="Linear";ed="In";};["Left Leg"]={tm=.03300000000000014;cf=cfr(-.533,.218,-.186,.984,-.052,-.171,.074,.99,.123,.163,-.134,.978);es="Linear";ed="In";};["Right Arm"]={tm=.03300000000000014;cf=cfr(-.129,-.326,.057,-.836,-.356,-.416,.475,-.85,-.228,-.273,-.389,.88);es="Linear";ed="In";};["Right Leg"]={tm=.03300000000000014;cf=cfr(.672,.095,.125,.953,.266,.146,-.272,.962,.025,-.134,-.063,.989);es="Linear";ed="In";};["Left Arm"]={tm=.03300000000000014;cf=cfr(-.184,-.514,.108,.106,.173,-.979,-.843,.539,.004,.528,.824,.203);es="Linear";ed="In";};};{tm=1.1;["HumanoidRootPart"]={tm=.03299999999999992;cf=cfr(0,0,0,1,0,0,0,1,0,0,0,1);es="Linear";ed="In";};["Torso"]={tm=.03299999999999992;cf=cfr(-.11,-.086,-.132,.976,-.217,.024,.218,.97,-.109,0,.111,.994);es="Linear";ed="In";};["Head"]={tm=.03299999999999992;cf=cfr(0,0,.018,.984,-.177,-.01,.169,.957,-.237,.052,.231,.972);es="Linear";ed="In";};["Left Leg"]={tm=.03299999999999992;cf=cfr(-.533,.218,-.186,.984,-.052,-.171,.074,.99,.123,.163,-.134,.978);es="Linear";ed="In";};["Right Arm"]={tm=.03299999999999992;cf=cfr(-.129,-.326,.057,-.836,-.356,-.416,.475,-.85,-.228,-.273,-.389,.88);es="Linear";ed="In";};["Right Leg"]={tm=.03299999999999992;cf=cfr(.672,.095,.126,.953,.266,.146,-.272,.962,.024,-.134,-.063,.989);es="Linear";ed="In";};["Left Arm"]={tm=.03299999999999992;cf=cfr(-.184,-.514,.108,.106,.173,-.979,-.843,.539,.004,.528,.824,.203);es="Linear";ed="In";};};{tm=1.133;["HumanoidRootPart"]={tm=.03400000000000003;cf=cfr(0,0,0,1,0,0,0,1,0,0,0,1);es="Linear";ed="In";};["Torso"]={tm=.03400000000000003;cf=cfr(-.117,-.08,-.132,.909,-.414,.046,.416,.903,-.101,0,.111,.994);es="Linear";ed="In";};["Head"]={tm=.03400000000000003;cf=cfr(0,0,.018,.803,-.588,.098,.594,.775,-.216,.051,.232,.971);es="Linear";ed="In";};["Left Leg"]={tm=.03400000000000003;cf=cfr(-.262,.17,.052,.947,.013,.32,-.003,1,-.03,-.321,.028,.947);es="Linear";ed="In";};["Right Arm"]={tm=.03400000000000003;cf=cfr(-.103,-.552,.141,-.328,-.429,-.842,.943,-.099,-.317,.053,-.898,.437);es="Linear";ed="In";};["Right Leg"]={tm=.03400000000000003;cf=cfr(-.057,.073,.376,.636,.237,-.735,-.296,.954,.052,.713,.184,.676);es="Linear";ed="In";};["Left Arm"]={tm=.03400000000000003;cf=cfr(-.163,-.395,.127,.257,.156,-.954,-.742,.665,-.091,.62,.731,.286);es="Linear";ed="In";};};{tm=1.167;["HumanoidRootPart"]={tm=.03299999999999992;cf=cfr(0,0,0,1,0,0,0,1,0,0,0,1);es="Linear";ed="In";};["Torso"]={tm=.03299999999999992;cf=cfr(-.198,-.08,-.132,.909,-.414,.046,.416,.903,-.101,0,.111,.994);es="Linear";ed="In";};["Head"]={tm=.03299999999999992;cf=cfr(0,0,.018,.703,-.695,.153,.711,.678,-.187,.027,.24,.97);es="Linear";ed="In";};["Left Leg"]={tm=.03299999999999992;cf=cfr(-.27,.174,.046,.952,.014,.305,-.007,1,-.024,-.305,.021,.952);es="Linear";ed="In";};["Right Arm"]={tm=.03299999999999992;cf=cfr(-.095,-.543,.136,-.303,-.466,-.831,.953,-.148,-.265,.001,-.872,.489);es="Linear";ed="In";};["Right Leg"]={tm=.03299999999999992;cf=cfr(-.177,.07,.331,.537,.2,-.819,-.275,.96,.054,.797,.197,.571);es="Linear";ed="In";};["Left Arm"]={tm=.03299999999999992;cf=cfr(-.174,-.455,.118,.182,.168,-.969,-.796,.603,-.045,.577,.78,.243);es="Linear";ed="In";};};{tm=1.2;["HumanoidRootPart"]={tm=.03300000000000014;cf=cfr(0,0,0,1,0,0,0,1,0,0,0,1);es="Linear";ed="In";};["Torso"]={tm=.03300000000000014;cf=cfr(-.25,-.08,-.132,.909,-.414,.046,.416,.903,-.101,0,.111,.994);es="Linear";ed="In";};["Head"]={tm=.03300000000000014;cf=cfr(0,0,.018,.686,-.71,.161,.727,.664,-.175,.018,.237,.971);es="Linear";ed="In";};["Left Leg"]={tm=.03300000000000014;cf=cfr(-.284,.181,.035,.96,.016,.278,-.014,1,-.012,-.278,.007,.961);es="Linear";ed="In";};["Right Arm"]={tm=.03300000000000014;cf=cfr(-.088,-.533,.129,-.296,-.506,-.81,.954,-.198,-.225,-.046,-.839,.542);es="Linear";ed="In";};["Right Leg"]={tm=.03300000000000014;cf=cfr(-.172,.061,.325,.556,.196,-.808,-.271,.961,.047,.786,.193,.587);es="Linear";ed="In";};["Left Arm"]={tm=.03300000000000014;cf=cfr(-.184,-.514,.108,.106,.173,-.979,-.843,.539,.004,.528,.824,.203);es="Linear";ed="In";};};{tm=1.233;["HumanoidRootPart"]={tm=.03399999999999981;cf=cfr(0,0,0,1,0,0,0,1,0,0,0,1);es="Linear";ed="In";};["Torso"]={tm=.03399999999999981;cf=cfr(-.25,-.08,-.132,.909,-.414,.046,.416,.903,-.101,0,.111,.994);es="Linear";ed="In";};["Head"]={tm=.03399999999999981;cf=cfr(0,0,.018,.686,-.71,.161,.727,.664,-.175,.018,.237,.971);es="Linear";ed="In";};["Left Leg"]={tm=.03399999999999981;cf=cfr(-.284,.181,.035,.96,.016,.278,-.014,1,-.012,-.278,.007,.961);es="Linear";ed="In";};["Right Arm"]={tm=.03399999999999981;cf=cfr(-.088,-.533,.129,-.296,-.506,-.81,.954,-.198,-.225,-.046,-.839,.542);es="Linear";ed="In";};["Right Leg"]={tm=.03399999999999981;cf=cfr(-.172,.061,.326,.556,.196,-.808,-.272,.961,.047,.786,.193,.587);es="Linear";ed="In";};["Left Arm"]={tm=.03399999999999981;cf=cfr(-.184,-.514,.108,.106,.173,-.979,-.843,.539,.004,.528,.824,.203);es="Linear";ed="In";};};{tm=1.267;["HumanoidRootPart"]={tm=.03300000000000014;cf=cfr(0,0,0,1,0,0,0,1,0,0,0,1);es="Linear";ed="In";};["Torso"]={tm=.03300000000000014;cf=cfr(-.25,-.08,-.132,.909,-.414,.046,.416,.903,-.101,0,.111,.994);es="Linear";ed="In";};["Head"]={tm=.03300000000000014;cf=cfr(0,0,.018,.686,-.71,.161,.727,.664,-.175,.018,.237,.971);es="Linear";ed="In";};["Left Leg"]={tm=.03300000000000014;cf=cfr(-.284,.181,.035,.96,.016,.278,-.014,1,-.012,-.278,.007,.961);es="Linear";ed="In";};["Right Arm"]={tm=.03300000000000014;cf=cfr(-.088,-.533,.129,-.296,-.506,-.81,.954,-.198,-.225,-.046,-.839,.542);es="Linear";ed="In";};["Right Leg"]={tm=.03300000000000014;cf=cfr(-.171,.061,.326,.556,.196,-.808,-.272,.961,.047,.786,.194,.588);es="Linear";ed="In";};["Left Arm"]={tm=.03300000000000014;cf=cfr(-.184,-.514,.108,.106,.173,-.979,-.843,.539,.004,.528,.824,.203);es="Linear";ed="In";};};{tm=1.3;["HumanoidRootPart"]={tm=.03299999999999992;cf=cfr(0,0,0,1,0,0,0,1,0,0,0,1);es="Linear";ed="In";};["Torso"]={tm=.03299999999999992;cf=cfr(-.25,-.08,-.132,.909,-.414,.046,.416,.903,-.101,0,.111,.994);es="Linear";ed="In";};["Head"]={tm=.03299999999999992;cf=cfr(0,0,.018,.686,-.71,.161,.727,.664,-.175,.018,.237,.971);es="Linear";ed="In";};["Left Leg"]={tm=.03299999999999992;cf=cfr(-.284,.181,.035,.96,.016,.278,-.014,1,-.012,-.278,.007,.961);es="Linear";ed="In";};["Right Arm"]={tm=.03299999999999992;cf=cfr(-.088,-.533,.129,-.296,-.506,-.81,.954,-.198,-.225,-.046,-.839,.542);es="Linear";ed="In";};["Right Leg"]={tm=.03299999999999992;cf=cfr(-.171,.061,.327,.556,.196,-.808,-.272,.961,.047,.786,.194,.588);es="Linear";ed="In";};["Left Arm"]={tm=.03299999999999992;cf=cfr(-.184,-.514,.108,.106,.173,-.979,-.843,.539,.004,.528,.824,.203);es="Linear";ed="In";};};{tm=1.333;["HumanoidRootPart"]={tm=.03400000000000003;cf=cfr(0,0,0,1,0,0,0,1,0,0,0,1);es="Linear";ed="In";};["Torso"]={tm=.03400000000000003;cf=cfr(-.25,-.08,-.132,.909,-.414,.046,.416,.903,-.101,0,.111,.994);es="Linear";ed="In";};["Head"]={tm=.03400000000000003;cf=cfr(0,0,.018,.686,-.71,.161,.727,.664,-.175,.018,.237,.971);es="Linear";ed="In";};["Left Leg"]={tm=.03400000000000003;cf=cfr(-.284,.181,.035,.96,.016,.278,-.014,1,-.012,-.278,.007,.961);es="Linear";ed="In";};["Right Arm"]={tm=.03400000000000003;cf=cfr(-.088,-.533,.129,-.296,-.506,-.81,.954,-.198,-.225,-.046,-.839,.542);es="Linear";ed="In";};["Right Leg"]={tm=.03400000000000003;cf=cfr(-.171,.061,.327,.556,.196,-.808,-.272,.961,.046,.785,.194,.588);es="Linear";ed="In";};["Left Arm"]={tm=.03400000000000003;cf=cfr(-.184,-.514,.108,.106,.173,-.979,-.843,.539,.004,.528,.824,.203);es="Linear";ed="In";};};{tm=1.367;["HumanoidRootPart"]={tm=.03299999999999992;cf=cfr(0,0,0,1,0,0,0,1,0,0,0,1);es="Linear";ed="In";};["Torso"]={tm=.03299999999999992;cf=cfr(-.25,-.08,-.132,.909,-.414,.046,.416,.903,-.101,0,.111,.994);es="Linear";ed="In";};["Head"]={tm=.03299999999999992;cf=cfr(0,0,.018,.686,-.71,.161,.727,.664,-.175,.018,.237,.971);es="Linear";ed="In";};["Left Leg"]={tm=.03299999999999992;cf=cfr(-.284,.181,.035,.96,.016,.278,-.014,1,-.012,-.278,.007,.961);es="Linear";ed="In";};["Right Arm"]={tm=.03299999999999992;cf=cfr(-.088,-.533,.129,-.296,-.506,-.81,.954,-.198,-.225,-.046,-.839,.542);es="Linear";ed="In";};["Right Leg"]={tm=.03299999999999992;cf=cfr(-.171,.06,.327,.556,.197,-.808,-.272,.961,.046,.785,.194,.588);es="Linear";ed="In";};["Left Arm"]={tm=.03299999999999992;cf=cfr(-.184,-.514,.108,.106,.173,-.979,-.843,.539,.004,.528,.824,.203);es="Linear";ed="In";};};{tm=1.4;["HumanoidRootPart"]={tm=.03300000000000014;cf=cfr(0,0,0,1,0,0,0,1,0,0,0,1);es="Linear";ed="In";};["Torso"]={tm=.03300000000000014;cf=cfr(-.369,.068,-.039,.962,.268,.04,-.271,.959,.086,-.016,-.093,.996);es="Linear";ed="In";};["Head"]={tm=.03300000000000014;cf=cfr(0,0,.018,.994,-.104,.027,.107,.942,-.318,.008,.319,.948);es="Linear";ed="In";};["Left Leg"]={tm=.03300000000000014;cf=cfr(.301,.137,-.08,.354,-.274,.894,.151,.96,.235,-.923,.052,.381);es="Linear";ed="In";};["Right Arm"]={tm=.03300000000000014;cf=cfr(.087,-.119,.145,.347,-.757,.553,.898,.438,.037,-.271,.484,.832);es="Linear";ed="In";};["Right Leg"]={tm=.03300000000000014;cf=cfr(.69,.161,.372,.879,.427,-.213,-.439,.898,-.009,.188,.101,.977);es="Linear";ed="In";};["Left Arm"]={tm=.03300000000000014;cf=cfr(-.304,-.08,.205,.339,.643,-.687,-.822,.557,.116,.457,.525,.718);es="Linear";ed="In";};};{tm=1.433;["HumanoidRootPart"]={tm=.03400000000000003;cf=cfr(0,0,0,1,0,0,0,1,0,0,0,1);es="Linear";ed="In";};["Torso"]={tm=.03400000000000003;cf=cfr(-.491,.068,-.039,.962,.268,.04,-.271,.959,.086,-.016,-.093,.996);es="Linear";ed="In";};["Head"]={tm=.03400000000000003;cf=cfr(0,0,.018,.998,-.065,.011,.065,.958,-.278,.007,.279,.96);es="Linear";ed="In";};["Left Leg"]={tm=.03400000000000003;cf=cfr(.306,.132,-.079,.337,-.27,.902,.16,.96,.228,-.928,.067,.367);es="Linear";ed="In";};["Right Arm"]={tm=.03400000000000003;cf=cfr(.087,-.119,.145,.347,-.757,.553,.898,.438,.037,-.271,.484,.832);es="Linear";ed="In";};["Right Leg"]={tm=.03400000000000003;cf=cfr(.685,.14,.382,.874,.432,-.222,-.449,.893,-.029,.186,.125,.975);es="Linear";ed="In";};["Left Arm"]={tm=.03400000000000003;cf=cfr(-.304,-.08,.205,.339,.643,-.687,-.822,.557,.116,.457,.525,.718);es="Linear";ed="In";};};{tm=1.467;["HumanoidRootPart"]={tm=.03299999999999992;cf=cfr(0,0,0,1,0,0,0,1,0,0,0,1);es="Linear";ed="In";};["Torso"]={tm=.03299999999999992;cf=cfr(-.669,.068,-.039,.962,.268,.04,-.271,.959,.086,-.016,-.093,.996);es="Linear";ed="In";};["Head"]={tm=.03299999999999992;cf=cfr(0,0,.018,1,-.014,-.01,.012,.984,-.177,.012,.176,.984);es="Linear";ed="In";};["Left Leg"]={tm=.03299999999999992;cf=cfr(.313,.153,-.111,.361,-.277,.891,.101,.961,.258,-.927,-.003,.375);es="Linear";ed="In";};["Right Arm"]={tm=.03299999999999992;cf=cfr(.087,-.119,.145,.347,-.757,.553,.898,.438,.037,-.271,.484,.832);es="Linear";ed="In";};["Right Leg"]={tm=.03299999999999992;cf=cfr(.691,.161,.372,.879,.427,-.213,-.439,.898,-.009,.187,.101,.977);es="Linear";ed="In";};["Left Arm"]={tm=.03299999999999992;cf=cfr(-.304,-.08,.205,.339,.643,-.687,-.822,.557,.116,.457,.525,.718);es="Linear";ed="In";};};{tm=1.5;["HumanoidRootPart"]={tm=.03299999999999992;cf=cfr(0,0,0,1,0,0,0,1,0,0,0,1);es="Linear";ed="In";};["Torso"]={tm=.03299999999999992;cf=cfr(-.942,-.12,-.253,.971,.237,-.043,-.24,.959,-.153,.005,.158,.987);es="Linear";ed="In";};["Head"]={tm=.03299999999999992;cf=cfr(0,0,.018,.999,-.015,-.049,0,.957,-.291,.052,.291,.955);es="Linear";ed="In";};["Left Leg"]={tm=.03299999999999992;cf=cfr(-.446,.364,-.097,.983,-.081,.163,.032,.957,.287,-.179,-.277,.944);es="Linear";ed="In";};["Right Arm"]={tm=.03299999999999992;cf=cfr(.096,.184,.25,-.374,-.84,-.394,.322,-.515,.794,-.87,.17,.463);es="Linear";ed="In";};["Right Leg"]={tm=.03299999999999992;cf=cfr(.058,.158,.446,.768,-.015,-.64,-.078,.99,-.117,.635,.14,.76);es="Linear";ed="In";};["Left Arm"]={tm=.03299999999999992;cf=cfr(-.193,.383,.627,-.413,.816,.404,.131,-.386,.913,.901,.43,.053);es="Linear";ed="In";};};{tm=1.533;["HumanoidRootPart"]={tm=.03400000000000003;cf=cfr(0,0,0,1,0,0,0,1,0,0,0,1);es="Linear";ed="In";};["Torso"]={tm=.03400000000000003;cf=cfr(-.961,-.2,-.27,.971,.229,-.068,-.239,.937,-.253,.005,.262,.965);es="Linear";ed="In";};["Head"]={tm=.03400000000000003;cf=cfr(0,0,.018,.998,-.001,-.066,-.016,.965,-.261,.064,.262,.963);es="Linear";ed="In";};["Left Leg"]={tm=.03400000000000003;cf=cfr(-.388,.407,-.097,.981,.043,.191,-.093,.96,.265,-.172,-.277,.945);es="Linear";ed="In";};["Right Arm"]={tm=.03400000000000003;cf=cfr(.049,.311,.225,-.523,-.69,-.5,.184,-.665,.724,-.832,.287,.475);es="Line