-- // converted using mech's animoduler
local cfr = CFrame.new

return {{tm=0;["HumanoidRootPart"]={tm=.233;cf=cfr(0,0,0,1,0,0,0,1,0,0,0,1);es="Linear";ed="In";};["Torso"]={tm=.233;cf=cfr(.14,.007,-.241,.787,.617,.014,-.6,.77,-.217,-.145,.162,.976);es="Cubic";ed="InOut";};["Left Leg"]={tm=.5;cf=cfr(-.44,.378,.245,.754,.441,.486,-.504,.863,0,-.42,-.245,.874);es="Cubic";ed="InOut";};["Right Leg"]={tm=.267;cf=cfr(-.298,-.092,-.199,.73,.366,-.577,0,.844,.536,.684,-.391,.616);es="Cubic";ed="InOut";};["Head"]={tm=.233;cf=cfr(0,0,0,.793,-.609,.029,.608,.794,.018,-.034,.003,.999);es="Cubic";ed="InOut";};["Left Arm"]={tm=.233;cf=cfr(-.441,-.505,-.036,-.834,.498,-.238,-.551,-.758,.348,-.007,.422,.907);es="Cubic";ed="InOut";};["Right Arm"]={tm=.233;cf=cfr(.403,-.715,-.09,-.683,-.477,.554,.716,-.589,.375,.147,.652,.744);es="Cubic";ed="InOut";};};{tm=.233;["HumanoidRootPart"]={tm=.034;cf=cfr(0,0,0,1,0,0,0,1,0,0,0,1);es="Linear";ed="In";};["Torso"]={tm=.034;cf=cfr(.143,-.016,-.131,.787,.616,.023,-.6,.773,-.206,-.145,.148,.978);es="Linear";ed="In";};["Head"]={tm=.267;cf=cfr(.001,.001,.035,.797,-.603,-.043,.603,.79,.112,-.034,-.116,.993);es="Linear";ed="In";};["Left Arm"]={tm=.267;cf=cfr(-.351,-.383,-.034,-.834,.498,-.238,-.551,-.758,.348,-.007,.422,.907);es="Linear";ed="In";};["Right Arm"]={tm=.267;cf=cfr(.313,-.593,-.093,-.683,-.477,.554,.716,-.589,.375,.147,.652,.744);es="Linear";ed="In";};};{tm=.267;["HumanoidRootPart"]={tm=.23299999999999998;cf=cfr(0,0,0,1,0,0,0,1,0,0,0,1);es="Linear";ed="In";};["Torso"]={tm=.23299999999999998;cf=cfr(0,0,0,1,0,0,0,1,0,0,0,1);es="Linear";ed="In";};["Right Leg"]={tm=.23299999999999998;cf=cfr(.586,.641,-.357,.73,-.129,-.671,0,.982,-.189,.684,.138,.717);es="Linear";ed="In";};};{tm=.5;["HumanoidRootPart"]={tm=.267;cf=cfr(0,0,0,1,0,0,0,1,0,0,0,1);es="Linear";ed="In";};["Torso"]={tm=.267;cf=cfr(.141,.003,-.22,.787,.616,.036,-.6,.777,-.19,-.145,.128,.981);es="Cubic";ed="InOut";};["Left Leg"]={tm=.30000000000000004;cf=cfr(.684,-.068,-.381,.764,-.423,.486,.485,.875,0,-.425,.236,.874);es="Cubic";ed="InOut";};["Right Leg"]={tm=.5;cf=cfr(.955,-.202,-.686,.73,-.439,-.524,0,.766,-.643,.684,.469,.559);es="Cubic";ed="InOut";};["Head"]={tm=.267;cf=cfr(0,0,0,.801,-.598,.029,.598,.802,.018,-.034,.003,.999);es="Cubic";ed="InOut";};["Left Arm"]={tm=.267;cf=cfr(-.467,-.532,-.031,-.834,.498,-.238,-.551,-.758,.348,-.007,.422,.907);es="Cubic";ed="InOut";};["Right Arm"]={tm=.267;cf=cfr(.429,-.743,-.096,-.683,-.477,.554,.716,-.589,.375,.147,.652,.744);es="Cubic";ed="InOut";};};{tm=.767;["HumanoidRootPart"]={tm=.03300000000000003;cf=cfr(0,0,0,1,0,0,0,1,0,0,0,1);es="Linear";ed="In";};["Torso"]={tm=.03300000000000003;cf=cfr(.144,-.032,-.052,.787,.616,.023,-.6,.773,-.206,-.145,.148,.978);es="Linear";ed="In";};["Head"]={tm=.23299999999999998;cf=cfr(.001,.001,.031,.797,-.601,-.061,.603,.786,.136,-.034,-.145,.989);es="Linear";ed="In";};["Left Arm"]={tm=.23299999999999998;cf=cfr(-.451,-.398,-.03,-.834,.498,-.238,-.551,-.758,.348,-.007,.422,.907);es="Linear";ed="In";};["Right Arm"]={tm=.23299999999999998;cf=cfr(.413,-.609,-.096,-.683,-.477,.554,.716,-.589,.375,.147,.652,.744);es="Linear";ed="In";};};{tm=.8;["HumanoidRootPart"]={tm=.19999999999999996;cf=cfr(0,0,0,1,0,0,0,1,0,0,0,1);es="Linear";ed="In";};["Torso"]={tm=.19999999999999996;cf=cfr(0,0,0,1,0,0,0,1,0,0,0,1);es="Linear";ed="In";};["Left Leg"]={tm=.19999999999999996;cf=cfr(-.216,.762,.12,.769,.415,.486,-.476,.88,0,-.428,-.231,.874);es="Linear";ed="In";};};{tm=1;["HumanoidRootPart"]={tm=0;cf=cfr(0,0,0,1,0,0,0,1,0,0,0,1);es="Linear";ed="In";};["Torso"]={tm=0;cf=cfr(.14,.007,-.241,.787,.617,.014,-.6,.77,-.217,-.145,.162,.976);es="Cubic";ed="InOut";};["Left Leg"]={tm=0;cf=cfr(-.44,.378,.245,.754,.441,.486,-.504,.863,0,-.42,-.245,.874);es="Cubic";ed="InOut";};["Right Leg"]={tm=0;cf=cfr(-.298,-.092,-.199,.73,.366,-.577,0,.844,.536,.684,-.391,.616);es="Cubic";ed="InOut";};["Head"]={tm=0;cf=cfr(0,0,0,.793,-.609,.029,.608,.794,.018,-.034,.003,.999);es="Cubic";ed="InOut";};["Left Arm"]={tm=0;cf=cfr(-.441,-.505,-.036,-.834,.498,-.238,-.551,-.758,.348,-.007,.422,.907);es="Cubic";ed="InOut";};["Right Arm"]={tm=0;cf=cfr(.403,-.715,-.09,-.683,-.477,.554,.716,-.589,.375,.147,.652,.744);es="Cubic";ed="InOut";};};}
