-- // converted using mech's animoduler
local cfr = CFrame.new

return {{tm=0;["HumanoidRootPart"]={tm=.5;cf=cfr(0,0,0,1,0,0,0,1,0,0,0,1);es="Linear";ed="In";};["Torso"]={tm=.5;cf=cfr(.011,.025,-.321,.914,.404,-.039,-.404,.898,-.175,-.036,.176,.984);es="Cubic";ed="InOut";};["Left Leg"]={tm=.5;cf=cfr(-.523,.321,-.012,.961,.275,.03,-.276,.946,.167,.018,-.169,.986);es="Cubic";ed="InOut";};["Right Arm"]={tm=.5;cf=cfr(.408,-.715,-.092,-.682,-.474,.557,.716,-.589,.375,.151,.655,.741);es="Cubic";ed="InOut";};["Head"]={tm=.5;cf=cfr(0,0,0,.934,-.357,.029,.357,.934,.018,-.033,-.006,.999);es="Cubic";ed="InOut";};["Right Leg"]={tm=.5;cf=cfr(.37,.175,.025,.967,.251,.032,-.253,.96,.123,0,-.127,.992);es="Cubic";ed="InOut";};["Left Arm"]={tm=.5;cf=cfr(-.436,-.505,-.034,-.834,.5,-.233,-.552,-.758,.348,-.002,.419,.908);es="Cubic";ed="InOut";};};{tm=.5;["HumanoidRootPart"]={tm=.5;cf=cfr(0,0,0,1,0,0,0,1,0,0,0,1);es="Linear";ed="In";};["Torso"]={tm=.5;cf=cfr(.007,.008,-.224,.914,.404,-.039,-.404,.898,-.175,-.036,.176,.984);es="Cubic";ed="InOut";};["Left Leg"]={tm=.5;cf=cfr(-.524,.223,-.011,.961,.275,.03,-.276,.946,.167,.018,-.169,.986);es="Cubic";ed="InOut";};["Right Arm"]={tm=.5;cf=cfr(.321,-.621,-.097,-.682,-.456,.572,.716,-.577,.393,.151,.677,.72);es="Cubic";ed="InOut";};["Head"]={tm=.5;cf=cfr(.001,-.006,-.036,.934,-.358,.013,.357,.932,.059,-.033,-.05,.998);es="Cubic";ed="InOut";};["Right Leg"]={tm=.5;cf=cfr(.371,.077,.024,.967,.251,.032,-.253,.96,.123,0,-.127,.992);es="Cubic";ed="InOut";};["Left Arm"]={tm=.5;cf=cfr(-.35,-.411,-.029,-.834,.49,-.253,-.552,-.743,.379,-.002,.456,.89);es="Cubic";ed="InOut";};};{tm=1;["HumanoidRootPart"]={tm=0;cf=cfr(0,0,0,1,0,0,0,1,0,0,0,1);es="Linear";ed="In";};["Torso"]={tm=0;cf=cfr(.011,.025,-.321,.914,.404,-.039,-.404,.898,-.175,-.036,.176,.984);es="Cubic";ed="InOut";};["Left Leg"]={tm=0;cf=cfr(-.523,.321,-.012,.961,.275,.03,-.276,.946,.167,.018,-.169,.986);es="Cubic";ed="InOut";};["Right Arm"]={tm=0;cf=cfr(.408,-.715,-.092,-.682,-.474,.557,.716,-.589,.375,.151,.655,.741);es="Cubic";ed="InOut";};["Head"]={tm=0;cf=cfr(0,0,0,.934,-.357,.029,.357,.934,.018,-.033,-.006,.999);es="Cubic";ed="InOut";};["Right Leg"]={tm=0;cf=cfr(.37,.175,.025,.967,.251,.032,-.253,.96,.123,0,-.127,.992);es="Cubic";ed="InOut";};["Left Arm"]={tm=0;cf=cfr(-.436,-.505,-.034,-.834,.5,-.233,-.552,-.758,.348,-.002,.419,.908);es="Cubic";ed="InOut";};};}
