-- // converted using mech's animoduler
local cfr = CFrame.new

return {{tm=0;["HumanoidRootPart"]={tm=.1;cf=cfr(0,0,0,1,0,0,0,1,0,0,0,1);es="Linear";ed="Out";};["Torso"]={tm=.1;cf=cfr(0,0,-1.6,.404,-.831,-.383,.223,.495,-.84,.887,.253,.385);es="Linear";ed="Out";};["Left Leg"]={tm=.1;cf=cfr(-.841,.669,.069,.853,-.5,.15,.492,.866,.087,-.174,0,.985);es="Linear";ed="Out";};["Right Leg"]={tm=.1;cf=cfr(.3,.52,0,.75,.5,-.433,-.433,.866,.25,.5,0,.866);es="Linear";ed="Out";};["Left Arm"]={tm=.1;cf=cfr(0,0,0,.136,.883,-.449,-.872,.321,.369,.47,.342,.814);es="Linear";ed="Out";};["Right Arm"]={tm=.1;cf=cfr(-.115,-.255,-.043,.085,-.867,.49,.837,.329,.437,-.54,.373,.754);es="Linear";ed="Out";};["Head"]={tm=.1;cf=cfr(0,0,0,.94,-.321,.117,.296,.594,-.748,.171,.738,.653);es="Linear";ed="Out";};};{tm=.1;["HumanoidRootPart"]={tm=.1;cf=cfr(0,0,0,1,0,0,0,1,0,0,0,1);es="Linear";ed="Out";};["Torso"]={tm=.1;cf=cfr(0,0,-1.6,.404,-.831,-.383,-.887,-.253,-.385,.223,.495,-.84);es="Linear";ed="Out";};["Left Leg"]={tm=.1;cf=cfr(-.841,.669,.069,.853,-.5,.15,.492,.866,.087,-.174,0,.985);es="Linear";ed="Out";};["Right Leg"]={tm=.1;cf=cfr(.3,.52,0,.75,.5,-.433,-.433,.866,.25,.5,0,.866);es="Linear";ed="Out";};["Left Arm"]={tm=.1;cf=cfr(0,0,0,.136,.883,-.449,-.872,.321,.369,.47,.342,.814);es="Linear";ed="Out";};["Right Arm"]={tm=.1;cf=cfr(-.115,-.255,-.043,.085,-.867,.49,.837,.329,.437,-.54,.373,.754);es="Linear";ed="Out";};["Head"]={tm=.1;cf=cfr(0,0,0,.94,-.321,.117,.296,.594,-.748,.171,.738,.653);es="Linear";ed="Out";};};{tm=.2;["HumanoidRootPart"]={tm=.09999999999999998;cf=cfr(0,0,0,1,0,0,0,1,0,0,0,1);es="Linear";ed="Out";};["Torso"]={tm=.09999999999999998;cf=cfr(0,0,-1.6,.404,-.831,-.383,-.223,-.495,.84,-.887,-.253,-.385);es="Linear";ed="Out";};["Left Leg"]={tm=.09999999999999998;cf=cfr(-.841,.669,.069,.853,-.5,.15,.492,.866,.087,-.174,0,.985);es="Linear";ed="Out";};["Right Leg"]={tm=.09999999999999998;cf=cfr(.3,.52,0,.75,.5,-.433,-.433,.866,.25,.5,0,.866);es="Linear";ed="Out";};["Left Arm"]={tm=.09999999999999998;cf=cfr(0,0,0,.136,.883,-.449,-.872,.321,.369,.47,.342,.814);es="Linear";ed="Out";};["Right Arm"]={tm=.09999999999999998;cf=cfr(-.115,-.255,-.043,.085,-.867,.49,.837,.329,.437,-.54,.373,.754);es="Linear";ed="Out";};["Head"]={tm=.09999999999999998;cf=cfr(0,0,0,.94,-.321,.117,.296,.594,-.748,.171,.738,.653);es="Linear";ed="Out";};};{tm=.3;["HumanoidRootPart"]={tm=.10000000000000003;cf=cfr(0,0,0,1,0,0,0,1,0,0,0,1);es="Linear";ed="Out";};["Torso"]={tm=.10000000000000003;cf=cfr(0,0,-1.6,.404,-.831,-.383,.887,.253,.385,-.223,-.495,.84);es="Linear";ed="Out";};["Left Leg"]={tm=.10000000000000003;cf=cfr(-.841,.669,.069,.853,-.5,.15,.492,.866,.087,-.174,0,.985);es="Linear";ed="Out";};["Right Leg"]={tm=.10000000000000003;cf=cfr(.3,.52,0,.75,.5,-.433,-.433,.866,.25,.5,0,.866);es="Linear";ed="Out";};["Left Arm"]={tm=.10000000000000003;cf=cfr(0,0,0,.136,.883,-.449,-.872,.321,.369,.47,.342,.814);es="Linear";ed="Out";};["Right Arm"]={tm=.10000000000000003;cf=cfr(-.115,-.255,-.043,.085,-.867,.49,.837,.329,.437,-.54,.373,.754);es="Linear";ed="Out";};["Head"]={tm=.10000000000000003;cf=cfr(0,0,0,.94,-.321,.117,.296,.594,-.748,.171,.738,.653);es="Linear";ed="Out";};};{tm=.4;["HumanoidRootPart"]={tm=0;cf=cfr(0,0,0,1,0,0,0,1,0,0,0,1);es="Linear";ed="Out";};["Torso"]={tm=0;cf=cfr(0,0,-1.6,.404,-.831,-.383,.223,.495,-.84,.887,.253,.385);es="Linear";ed="Out";};["Left Leg"]={tm=0;cf=cfr(-.841,.669,.069,.853,-.5,.15,.492,.866,.087,-.174,0,.985);es="Linear";ed="Out";};["Right Leg"]={tm=0;cf=cfr(.3,.52,0,.75,.5,-.433,-.433,.866,.25,.5,0,.866);es="Linear";ed="Out";};["Left Arm"]={tm=0;cf=cfr(0,0,0,.136,.883,-.449,-.872,.321,.369,.47,.342,.814);es="Linear";ed="Out";};["Right Arm"]={tm=0;cf=cfr(-.115,-.255,-.043,.085,-.867,.49,.837,.329,.437,-.54,.373,.754);es="Linear";ed="Out";};["Head"]={tm=0;cf=cfr(0,0,0,.94,-.321,.117,.296,.594,-.748,.171,.738,.653);es="Linear";ed="Out";};};}
