-- // converted using mech's animoduler
local cfr = CFrame.new

return {{tm=0;["HumanoidRootPart"]={tm=.017;cf=cfr(0,0,0,1,0,0,0,1,0,0,0,1);es="Linear";ed="In";};["Torso"]={tm=.017;cf=cfr(0,0,0,.257,.953,.162,-.966,.251,.055,.012,-.171,.985);es="Linear";ed="In";};["Left Leg"]={tm=.017;cf=cfr(0,0,0,.951,-.175,.255,.137,.978,.159,-.277,-.117,.954);es="Linear";ed="In";};["Right Leg"]={tm=.017;cf=cfr(0,0,0,.93,.22,-.294,-.165,.966,.2,.327,-.137,.935);es="Linear";ed="In";};["Left Arm"]={tm=.017;cf=cfr(-.253,-.469,-.353,-.067,.28,-.958,-.942,-.335,-.032,-.33,.9,.286);es="Linear";ed="In";};["Head"]={tm=.017;cf=cfr(0,0,0,.998,.034,-.059,-.058,.887,-.459,.036,.461,.887);es="Linear";ed="In";};["Right Arm"]={tm=.017;cf=cfr(.282,-.86,-.548,.135,-.063,.989,.989,.063,-.131,-.054,.996,.071);es="Linear";ed="In";};};{tm=.017;["HumanoidRootPart"]={tm=.016;cf=cfr(0,0,0,1,0,0,0,1,0,0,0,1);es="Linear";ed="In";};["Torso"]={tm=.016;cf=cfr(0,0,0,.257,.953,.162,-.966,.251,.055,.012,-.171,.985);es="Linear";ed="In";};["Left Leg"]={tm=.016;cf=cfr(0,0,0,.951,-.175,.255,.137,.978,.159,-.277,-.117,.954);es="Linear";ed="In";};["Right Leg"]={tm=.016;cf=cfr(0,0,0,.93,.22,-.294,-.165,.966,.2,.327,-.137,.935);es="Linear";ed="In";};["Left Arm"]={tm=.016;cf=cfr(-.253,-.469,-.353,-.067,.28,-.958,-.942,-.335,-.032,-.33,.9,.286);es="Linear";ed="In";};["Head"]={tm=.016;cf=cfr(0,0,0,.998,.034,-.059,-.058,.887,-.459,.036,.461,.887);es="Linear";ed="In";};["Right Arm"]={tm=.016;cf=cfr(.282,-.86,-.548,.135,-.063,.989,.989,.063,-.131,-.054,.996,.071);es="Linear";ed="In";};};{tm=.033;["HumanoidRootPart"]={tm=.017;cf=cfr(0,0,0,1,0,0,0,1,0,0,0,1);es="Linear";ed="In";};["Torso"]={tm=.017;cf=cfr(0,0,0,.257,.953,.162,-.966,.251,.055,.012,-.171,.985);es="Linear";ed="In";};["Left Leg"]={tm=.017;cf=cfr(0,0,0,.951,-.175,.255,.137,.978,.159,-.277,-.116,.954);es="Linear";ed="In";};["Right Leg"]={tm=.017;cf=cfr(0,0,0,.93,.22,-.293,-.165,.966,.2,.327,-.137,.935);es="Linear";ed="In";};["Left Arm"]={tm=.017;cf=cfr(-.253,-.469,-.353,-.067,.28,-.958,-.942,-.335,-.032,-.33,.9,.286);es="Linear";ed="In";};["Head"]={tm=.017;cf=cfr(0,0,0,.998,.034,-.059,-.058,.887,-.459,.036,.461,.887);es="Linear";ed="In";};["Right Arm"]={tm=.017;cf=cfr(.282,-.86,-.548,.135,-.063,.989,.989,.063,-.131,-.054,.996,.071);es="Linear";ed="In";};};{tm=.05;["HumanoidRootPart"]={tm=.017;cf=cfr(0,0,0,1,0,0,0,1,0,0,0,1);es="Linear";ed="In";};["Torso"]={tm=.017;cf=cfr(0,0,0,.257,.953,.162,-.966,.251,.055,.012,-.171,.985);es="Linear";ed="In";};["Left Leg"]={tm=.017;cf=cfr(0,0,0,.951,-.175,.255,.137,.978,.159,-.277,-.116,.954);es="Linear";ed="In";};["Right Leg"]={tm=.017;cf=cfr(0,0,0,.93,.22,-.293,-.165,.966,.2,.327,-.138,.935);es="Linear";ed="In";};["Left Arm"]={tm=.017;cf=cfr(-.253,-.469,-.353,-.067,.28,-.958,-.942,-.335,-.032,-.33,.9,.286);es="Linear";ed="In";};["Head"]={tm=.017;cf=cfr(0,0,0,.998,.034,-.059,-.058,.887,-.459,.036,.461,.886);es="Linear";ed="In";};["Right Arm"]={tm=.017;cf=cfr(.282,-.86,-.548,.135,-.063,.989,.989,.063,-.131,-.054,.996,.071);es="Linear";ed="In";};};{tm=.067;["HumanoidRootPart"]={tm=.016;cf=cfr(0,0,0,1,0,0,0,1,0,0,0,1);es="Linear";ed="In";};["Torso"]={tm=.016;cf=cfr(0,0,0,.256,.953,.163,-.966,.251,.055,.012,-.171,.985);es="Linear";ed="In";};["Left Leg"]={tm=.016;cf=cfr(0,0,0,.951,-.175,.255,.138,.978,.159,-.277,-.116,.954);es="Linear";ed="In";};["Right Leg"]={tm=.016;cf=cfr(.001,0,0,.93,.22,-.293,-.166,.966,.2,.327,-.138,.935);es="Linear";ed="In";};["Left Arm"]={tm=.016;cf=cfr(-.253,-.469,-.353,-.067,.28,-.958,-.942,-.335,-.032,-.33,.9,.286);es="Linear";ed="In";};["Head"]={tm=.016;cf=cfr(0,0,0,.998,.034,-.059,-.058,.886,-.459,.036,.462,.886);es="Linear";ed="In";};["Right Arm"]={tm=.016;cf=cfr(.282,-.86,-.548,.135,-.063,.989,.989,.063,-.131,-.054,.996,.071);es="Linear";ed="In";};};{tm=.083;["HumanoidRootPart"]={tm=.017;cf=cfr(0,0,0,1,0,0,0,1,0,0,0,1);es="Linear";ed="In";};["Torso"]={tm=.017;cf=cfr(0,0,0,.256,.953,.163,-.967,.251,.055,.012,-.171,.985);es="Linear";ed="In";};["Left Leg"]={tm=.017;cf=cfr(-.001,0,.001,.951,-.176,.255,.138,.978,.159,-.277,-.116,.954);es="Linear";ed="In";};["Right Leg"]={tm=.017;cf=cfr(.001,0,0,.93,.22,-.293,-.166,.966,.2,.327,-.138,.935);es="Linear";ed="In";};["Left Arm"]={tm=.017;cf=cfr(-.253,-.47,-.353,-.067,.28,-.958,-.942,-.335,-.032,-.33,.9,.286);es="Linear";ed="In";};["Head"]={tm=.017;cf=cfr(0,0,0,.998,.034,-.059,-.058,.886,-.459,.036,.462,.886);es="Linear";ed="In";};["Right Arm"]={tm=.017;cf=cfr(.282,-.86,-.548,.135,-.063,.989,.989,.063,-.131,-.054,.996,.071);es="Linear";ed="In";};};{tm=.1;["HumanoidRootPart"]={tm=.017;cf=cfr(0,0,0,1,0,0,0,1,0,0,0,1);es="Linear";ed="In";};["Torso"]={tm=.017;cf=cfr(0,.001,-.001,.256,.953,.163,-.967,.25,.055,.012,-.172,.985);es="Linear";ed="In";};["Left Leg"]={tm=.017;cf=cfr(-.001,0,.001,.951,-.176,.255,.138,.978,.159,-.277,-.116,.954);es="Linear";ed="In";};["Right Leg"]={tm=.017;cf=cfr(.001,0,-.001,.93,.221,-.293,-.166,.966,.201,.327,-.138,.935);es="Linear";ed="In";};["Left Arm"]={tm=.017;cf=cfr(-.253,-.47,-.353,-.067,.28,-.958,-.942,-.335,-.032,-.33,.9,.286);es="Linear";ed="In";};["Head"]={tm=.017;cf=cfr(0,0,0,.998,.034,-.059,-.058,.886,-.46,.037,.462,.886);es="Linear";ed="In";};["Right Arm"]={tm=.017;cf=cfr(.282,-.86,-.548,.135,-.063,.989,.989,.063,-.131,-.054,.996,.071);es="Linear";ed="In";};};{tm=.117;["HumanoidRootPart"]={tm=.016;cf=cfr(0,0,0,1,0,0,0,1,0,0,0,1);es="Linear";ed="In";};["Torso"]={tm=.016;cf=cfr(0,.001,-.001,.256,.953,.163,-.967,.25,.055,.012,-.172,.985);es="Linear";ed="In";};["Left Leg"]={tm=.016;cf=cfr(-.001,0,.001,.951,-.176,.255,.139,.978,.159,-.277,-.116,.954);es="Linear";ed="In";};["Right Leg"]={tm=.016;cf=cfr(.002,.001,-.001,.93,.221,-.292,-.166,.965,.201,.327,-.138,.935);es="Linear";ed="In";};["Left Arm"]={tm=.016;cf=cfr(-.253,-.471,-.353,-.067,.28,-.958,-.942,-.335,-.032,-.33,.9,.286);es="Linear";ed="In";};["Head"]={tm=.016;cf=cfr(0,0,0,.998,.034,-.059,-.058,.886,-.46,.037,.463,.886);es="Linear";ed="In";};["Right Arm"]={tm=.016;cf=cfr(.282,-.861,-.548,.135,-.063,.989,.989,.063,-.131,-.054,.996,.071);es="Linear";ed="In";};};{tm=.133;["HumanoidRootPart"]={tm=.016999999999999987;cf=cfr(0,0,0,1,0,0,0,1,0,0,0,1);es="Linear";ed="In";};["Torso"]={tm=.016999999999999987;cf=cfr(0,.001,-.001,.256,.953,.163,-.967,.25,.056,.012,-.172,.985);es="Linear";ed="In";};["Left Leg"]={tm=.016999999999999987;cf=cfr(-.002,0,.001,.951,-.177,.255,.139,.978,.159,-.277,-.115,.954);es="Linear";ed="In";};["Right Leg"]={tm=.016999999999999987;cf=cfr(.002,.001,-.001,.93,.221,-.292,-.166,.965,.201,.327,-.139,.935);es="Linear";ed="In";};["Left Arm"]={tm=.016999999999999987;cf=cfr(-.253,-.471,-.353,-.067,.28,-.958,-.942,-.335,-.032,-.33,.9,.286);es="Linear";ed="In";};["Head"]={tm=.016999999999999987;cf=cfr(0,0,0,.998,.034,-.059,-.058,.886,-.461,.037,.463,.886);es="Linear";ed="In";};["Right Arm"]={tm=.016999999999999987;cf=cfr(.282,-.861,-.548,.135,-.063,.989,.989,.063,-.131,-.054,.996,.071);es="Linear";ed="In";};};{tm=.15;["HumanoidRootPart"]={tm=.017000000000000015;cf=cfr(0,0,0,1,0,0,0,1,0,0,0,1);es="Linear";ed="In";};["Torso"]={tm=.017000000000000015;cf=cfr(0,.002,-.002,.255,.953,.163,-.967,.25,.056,.012,-.172,.985);es="Linear";ed="In";};["Left Leg"]={tm=.017000000000000015;cf=cfr(-.002,0,.002,.951,-.177,.255,.139,.977,.159,-.277,-.115,.954);es="Linear";ed="In";};["Right Leg"]={tm=.017000000000000015;cf=cfr(.003,.001,-.002,.93,.222,-.292,-.167,.965,.202,.326,-.139,.935);es="Linear";ed="In";};["Left Arm"]={tm=.017000000000000015;cf=cfr(-.252,-.472,-.353,-.067,.28,-.958,-.942,-.335,-.032,-.33,.9,.286);es="Linear";ed="In";};["Head"]={tm=.017000000000000015;cf=cfr(0,0,0,.998,.034,-.059,-.058,.885,-.461,.037,.463,.885);es="Linear";ed="In";};["Right Arm"]={tm=.017000000000000015;cf=cfr(.281,-.862,-.548,.135,-.063,.989,.989,.063,-.131,-.054,.996,.071);es="Linear";ed="In";};};{tm=.167;["HumanoidRootPart"]={tm=.015999999999999986;cf=cfr(0,0,0,1,0,0,0,1,0,0,0,1);es="Linear";ed="In";};["Torso"]={tm=.015999999999999986;cf=cfr(0,.002,-.002,.255,.953,.164,-.967,.249,.056,.012,-.172,.985);es="Linear";ed="In";};["Left Leg"]={tm=.015999999999999986;cf=cfr(-.003,-.001,.002,.951,-.177,.255,.14,.977,.158,-.277,-.115,.954);es="Linear";ed="In";};["Right Leg"]={tm=.015999999999999986;cf=cfr(.003,.001,-.002,.93,.222,-.291,-.167,.965,.202,.326,-.139,.935);es="Linear";ed="In";};["Left Arm"]={tm=.015999999999999986;cf=cfr(-.252,-.473,-.353,-.067,.28,-.958,-.942,-.335,-.032,-.33,.9,.286);es="Linear";ed="In";};["Head"]={tm=.015999999999999986;cf=cfr(0,0,0,.998,.034,-.059,-.058,.885,-.462,.037,.464,.885);es="Linear";ed="In";};["Right Arm"]={tm=.015999999999999986;cf=cfr(.281,-.862,-.548,.135,-.063,.989,.989,.063,-.131,-.054,.996,.071);es="Linear";ed="In";};};{tm=.183;["HumanoidRootPart"]={tm=.017000000000000015;cf=cfr(0,0,0,1,0,0,0,1,0,0,0,1);es="Linear";ed="In";};["Torso"]={tm=.017000000000000015;cf=cfr(0,.002,-.002,.255,.953,.164,-.967,.249,.056,.013,-.173,.985);es="Linear";ed="In";};["Left Leg"]={tm=.017000000000000015;cf=cfr(-.003,-.001,.002,.95,-.178,.255,.141,.977,.158,-.277,-.114,.954);es="Linear";ed="In";};["Right Leg"]={tm=.017000000000000015;cf=cfr(.004,.001,-.002,.931,.223,-.291,-.168,.965,.202,.326,-.14,.935);es="Linear";ed="In";};["Left Arm"]={tm=.017000000000000015;cf=cfr(-.252,-.473,-.353,-.067,.28,-.958,-.942,-.335,-.032,-.33,.9,.286);es="Linear";ed="In";};["Head"]={tm=.017000000000000015;cf=cfr(0,0,0,.998,.034,-.06,-.058,.885,-.462,.037,.465,.885);es="Linear";ed="In";};["Right Arm"]={tm=.017000000000000015;cf=cfr(.281,-.863,-.548,.135,-.063,.989,.989,.063,-.131,-.054,.996,.071);es="Linear";ed="In";};};{tm=.2;["HumanoidRootPart"]={tm=.016999999999999987;cf=cfr(0,0,0,1,0,0,0,1,0,0,0,1);es="Linear";ed="In";};["Torso"]={tm=.016999999999999987;cf=cfr(0,.003,-.003,.254,.953,.164,-.967,.248,.056,.013,-.173,.985);es="Linear";ed="In";};["Left Leg"]={tm=.016999999999999987;cf=cfr(-.004,-.001,.003,.95,-.179,.255,.141,.977,.158,-.277,-.114,.954);es="Linear";ed="In";};["Right Leg"]={tm=.016999999999999987;cf=cfr(.005,.002,-.003,.931,.223,-.29,-.168,.965,.203,.325,-.14,.935);es="Linear";ed="In";};["Left Arm"]={tm=.016999999999999987;cf=cfr(-.252,-.474,-.353,-.067,.28,-.958,-.942,-.335,-.032,-.33,.9,.286);es="Linear";ed="In";};["Head"]={tm=.016999999999999987;cf=cfr(0,0,0,.998,.034,-.06,-.058,.884,-.463,.037,.465,.884);es="Linear";ed="In";};["Right Arm"]={tm=.016999999999999987;cf=cfr(.281,-.863,-.547,.135,-.063,.989,.989,.063,-.131,-.054,.996,.071);es="Linear";ed="In";};};{tm=.217;["HumanoidRootPart"]={tm=.016000000000000014;cf=cfr(0,0,0,1,0,0,0,1,0,0,0,1);es="Linear";ed="In";};["Torso"]={tm=.016000000000000014;cf=cfr(0,.003,-.003,.254,.953,.164,-.967,.248,.056,.013,-.173,.985);es="Linear";ed="In";};["Left Leg"]={tm=.016000000000000014;cf=cfr(-.005,-.001,.003,.95,-.179,.255,.142,.977,.158,-.277,-.114,.954);es="Linear";ed="In";};["Right Leg"]={tm=.016000000000000014;cf=cfr(.006,.002,-.003,.931,.224,-.29,-.168,.964,.203,.325,-.141,.935);es="Linear";ed="In";};["Left Arm"]={tm=.016000000000000014;cf=cfr(-.251,-.475,-.353,-.067,.28,-.958,-.942,-.335,-.032,-.33,.9,.286);es="Linear";ed="In";};["Head"]={tm=.016000000000000014;cf=cfr(0,0,0,.998,.034,-.06,-.058,.884,-.464,.037,.466,.884);es="Linear";ed="In";};["Right Arm"]={tm=.016000000000000014;cf=cfr(.281,-.864,-.547,.135,-.063,.989,.989,.063,-.131,-.054,.996,.071);es="Linear";ed="In";};};{tm=.233;["HumanoidRootPart"]={tm=.016999999999999987;cf=cfr(0,0,0,1,0,0,0,1,0,0,0,1);es="Linear";ed="In";};["Torso"]={tm=.016999999999999987;cf=cfr(0,.004,-.004,.254,.953,.165,-.967,.248,.057,.013,-.174,.985);es="Linear";ed="In";};["Left Leg"]={tm=.016999999999999987;cf=cfr(-.006,-.001,.004,.95,-.18,.255,.143,.977,.157,-.277,-.113,.954);es="Linear";ed="In";};["Right Leg"]={tm=.016999999999999987;cf=cfr(.006,.002,-.004,.931,.224,-.289,-.169,.964,.204,.325,-.141,.935);es="Linear";ed="In";};["Left Arm"]={tm=.016999999999999987;cf=cfr(-.251,-.476,-.353,-.067,.28,-.958,-.942,-.335,-.032,-.33,.9,.286);es="Linear";ed="In";};["Head"]={tm=.016999999999999987;cf=cfr(0,0,0,.998,.034,-.06,-.058,.884,-.464,.037,.467,.884);es="Linear";ed="In";};["Right Arm"]={tm=.016999999999999987;cf=cfr(.28,-.864,-.547,.135,-.063,.989,.989,.063,-.131,-.054,.996,.071);es="Linear";ed="In";};};{tm=.25;["HumanoidRootPart"]={tm=.017000000000000015;cf=cfr(0,0,0,1,0,0,0,1,0,0,0,1);es="Linear";ed="In";};["Torso"]={tm=.017000000000000015;cf=cfr(0,.004,-.004,.253,.953,.165,-.967,.247,.057,.014,-.174,.985);es="Linear";ed="In";};["Left Leg"]={tm=.017000000000000015;cf=cfr(-.006,-.001,.005,.95,-.181,.255,.144,.977,.157,-.277,-.113,.954);es="Linear";ed="In";};["Right Leg"]={tm=.017000000000000015;cf=cfr(.007,.003,-.004,.931,.225,-.288,-.17,.964,.205,.324,-.142,.935);es="Linear";ed="In";};["Left Arm"]={tm=.017000000000000015;cf=cfr(-.251,-.477,-.354,-.067,.28,-.958,-.942,-.335,-.032,-.33,.9,.286);es="Linear";ed="In";};["Head"]={tm=.017000000000000015;cf=cfr(0,0,0,.998,.034,-.06,-.059,.883,-.465,.037,.468,.883);es="Linear";ed="In";};["Right Arm"]={tm=.017000000000000015;cf=cfr(.28,-.865,-.547,.135,-.063,.989,.989,.063,-.131,-.054,.996,.071);es="Linear";ed="In";};};{tm=.267;["HumanoidRootPart"]={tm=.01599999999999996;cf=cfr(0,0,0,1,0,0,0,1,0,0,0,1);es="Linear";ed="In";};["Torso"]={tm=.01599999999999996;cf=cfr(0,.005,-.005,.253,.953,.165,-.967,.247,.057,.014,-.174,.985);es="Linear";ed="In";};["Left Leg"]={tm=.01599999999999996;cf=cfr(-.007,-.001,.005,.95,-.181,.255,.144,.977,.157,-.277,-.112,.954);es="Linear";ed="In";};["Right Leg"]={tm=.01599999999999996;cf=cfr(.008,.003,-.005,.931,.226,-.288,-.17,.964,.205,.324,-.142,.935);es="Linear";ed="In";};["Left Arm"]={tm=.01599999999999996;cf=cfr(-.25,-.478,-.354,-.067,.28,-.958,-.942,-.335,-.032,-.33,.9,.286);es="Linear";ed="In";};["Head"]={tm=.01599999999999996;cf=cfr(0,0,0,.998,.034,-.06,-.059,.883,-.466,.037,.469,.883);es="Linear";ed="In";};["Right Arm"]={tm=.01599999999999996;cf=cfr(.28,-.866,-.547,.135,-.063,.989,.989,.063,-.131,-.054,.996,.071);es="Linear";ed="In";};};{tm=.283;["HumanoidRootPart"]={tm=.017000000000000015;cf=cfr(0,0,0,1,0,0,0,1,0,0,0,1);es="Linear";ed="In";};["Torso"]={tm=.017000000000000015;cf=cfr(0,.005,-.005,.252,.953,.166,-.968,.246,.058,.014,-.175,.984);es="Linear";ed="In";};["Left Leg"]={tm=.017000000000000015;cf=cfr(-.008,-.002,.006,.95,-.182,.255,.145,.977,.156,-.277,-.111,.954);es="Linear";ed="In";};["Right Leg"]={tm=.017000000000000015;cf=cfr(.009,.003,-.006,.931,.226,-.287,-.171,.964,.206,.323,-.143,.935);es="Linear";ed="In";};["Left Arm"]={tm=.017000000000000015;cf=cfr(-.25,-.48,-.354,-.067,.28,-.958,-.942,-.335,-.032,-.33,.9,.286);es="Linear";ed="In";};["Head"]={tm=.017000000000000015;cf=cfr(0,0,0,.998,.034,-.061,-.059,.882,-.467,.037,.47,.882);es="Linear";ed="In";};["Right Arm"]={tm=.017000000000000015;cf=cfr(.28,-.867,-.547,.135,-.063,.989,.989,.063,-.131,-.054,.996,.071);es="Linear";ed="In";};};{tm=.3;["HumanoidRootPart"]={tm=.017000000000000015;cf=cfr(0,0,0,1,0,0,0,1,0,0,0,1);es="Linear";ed="In";};["Torso"]={tm=.017000000000000015;cf=cfr(0,.006,-.006,.252,.953,.166,-.968,.245,.058,.014,-.175,.984);es="Linear";ed="In";};["Left Leg"]={tm=.017000000000000015;cf=cfr(-.009,-.002,.006,.95,-.183,.255,.146,.977,.156,-.277,-.111,.954);es="Linear";ed="In";};["Right Leg"]={tm=.017000000000000015;cf=cfr(.011,.004,-.006,.931,.227,-.286,-.171,.963,.207,.323,-.143,.936);es="Linear";ed="In";};["Left Arm"]={tm=.017000000000000015;cf=cfr(-.25,-.481,-.354,-.067,.28,-.958,-.942,-.335,-.032,-.33,.9,.286);es="Linear";ed="In";};["Head"]={tm=.017000000000000015;cf=cfr(0,0,0,.998,.034,-.061,-.059,.882,-.468,.037,.471,.882);es="Linear";ed="In";};["Right Arm"]={tm=.017000000000000015;cf=cfr(.279,-.868,-.547,.135,-.063,.989,.989,.063,-.131,-.054,.996,.071);es="Linear";ed="In";};};{tm=.317;["HumanoidRootPart"]={tm=.016000000000000014;cf=cfr(0,0,0,1,0,0,0,1,0,0,0,1);es="Linear";ed="In";};["Torso"]={tm=.016000000000000014;cf=cfr(0,.007,-.007,.251,.954,.167,-.968,.245,.058,.015,-.176,.984);es="Linear";ed="In";};["Left Leg"]={tm=.016000000000000014;cf=cfr(-.01,-.002,.007,.949,-.184,.255,.147,.977,.156,-.277,-.11,.954);es="Linear";ed="In";};["Right Leg"]={tm=.016000000000000014;cf=cfr(.012,.004,-.007,.931,.228,-.285,-.172,.963,.208,.322,-.144,.936);es="Linear";ed="In";};["Left Arm"]={tm=.016000000000000014;cf=cfr(-.249,-.482,-.354,-.067,.28,-.958,-.942,-.335,-.032,-.33,.9,.286);es="Linear";ed="In";};["Head"]={tm=.016000000000000014;cf=cfr(0,0,0,.998,.035,-.061,-.059,.881,-.469,.038,.472,.881);es="Linear";ed="In";};["Right Arm"]={tm=.016000000000000014;cf=cfr(.279,-.868,-.547,.135,-.063,.989,.989,.063,-.131,-.054,.996,.071);es="Linear";ed="In";};};{tm=.333;["HumanoidRootPart"]={tm=.01699999999999996;cf=cfr(0,0,0,1,0,0,0,1,0,0,0,1);es="Linear";ed="In";};["Torso"]={tm=.01699999999999996;cf=cfr(0,.007,-.007,.251,.954,.167,-.968,.244,.059,.015,-.176,.984);es="Linear";ed="In";};["Left Leg"]={tm=.01699999999999996;cf=cfr(-.011,-.002,.008,.949,-.185,.255,.149,.977,.155,-.277,-.11,.954);es="Linear";ed="In";};["Right Leg"]={tm=.01699999999999996;cf=cfr(.013,.005,-.008,.931,.229,-.285,-.173,.963,.208,.322,-.145,.936);es="Linear";ed="In";};["Left Arm"]={tm=.01699999999999996;cf=cfr(-.249,-.484,-.354,-.067,.28,-.958,-.942,-.335,-.032,-.33,.9,.286);es="Linear";ed="In";};["Head"]={tm=.01699999999999996;cf=cfr(0,0,0,.998,.035,-.061,-.059,.881,-.47,.038,.473,.88);es="Linear";ed="In";};["Right Arm"]={tm=.01699999999999996;cf=cfr(.279,-.869,-.547,.135,-.063,.989,.989,.063,-.131,-.054,.996,.071);es="Linear";ed="In";};};{tm=.35;["HumanoidRootPart"]={tm=.017000000000000015;cf=cfr(0,0,0,1,0,0,0,1,0,0,0,1);es="Linear";ed="In";};["Torso"]={tm=.017000000000000015;cf=cfr(0,.008,-.008,.25,.954,.167,-.968,.243,.059,.015,-.177,.984);es="Linear";ed="In";};["Left Leg"]={tm=.017000000000000015;cf=cfr(-.012,-.002,.009,.949,-.186,.255,.15,.977,.155,-.277,-.109,.955);es="Linear";ed="In";};["Right Leg"]={tm=.017000000000000015;cf=cfr(.014,.005,-.009,.931,.23,-.284,-.174,.962,.209,.321,-.146,.936);es="Linear";ed="In";};["Left Arm"]={tm=.017000000000000015;cf=cfr(-.248,-.485,-.354,-.067,.28,-.958,-.942,-.335,-.032,-.33,.9,.286);es="Linear";ed="In";};["Head"]={tm=.017000000000000015;cf=cfr(0,0,-.001,.998,.035,-.061,-.06,.88,-.471,.038,.474,.88);es="Linear";ed="In";};["Right Arm"]={tm=.017000000000000015;cf=cfr(.278,-.87,-.547,.135,-.063,.989,.989,.063,-.131,-.054,.996,.071);es="Linear";ed="In";};};{tm=.367;["HumanoidRootPart"]={tm=.016000000000000014;cf=cfr(0,0,0,1,0,0,0,1,0,0,0,1);es="Linear";ed="In";};["Torso"]={tm=.016000000000000014;cf=cfr(0,.009,-.009,.249,.954,.168,-.968,.243,.059,.016,-.177,.984);es="Linear";ed="In";};["Left Leg"]={tm=.016000000000000014;cf=cfr(-.013,-.003,.01,.949,-.187,.255,.151,.976,.154,-.277,-.108,.955);es="Linear";ed="In";};["Right Leg"]={tm=.016000000000000014;cf=cfr(.016,.006,-.009,.931,.231,-.283,-.174,.962,.21,.32,-.146,.936);es="Linear";ed="In";};["Left Arm"]={tm=.016000000000000014;cf=cfr(-.248,-.487,-.355,-.067,.28,-.958,-.942,-.335,-.032,-.33,.9,.286);es="Linear";ed="In";};["Head"]={tm=.016000000000000014;cf=cfr(0,0,-.001,.997,.035,-.062,-.06,.879,-.473,.038,.475,.879);es="Linear";ed="In";};["Right Arm"]={tm=.016000000000000014;cf=cfr(.278,-.871,-.546,.135,-.063,.989,.989,.063,-.131,-.054,.996,.071);es="Linear";ed="In";};};{tm=.383;["HumanoidRootPart"]={tm=.017000000000000015;cf=cfr(0,0,0,1,0,0,0,1,0,0,0,1);es="Linear";ed="In";};["Torso"]={tm=.017000000000000015;cf=cfr(0,.01,-.01,.249,.954,.168,-.968,.242,.06,.016,-.178,.984);es="Linear";ed="In";};["Left Leg"]={tm=.017000000000000015;cf=cfr(-.015,-.003,.01,.949,-.188,.255,.152,.976,.154,-.277,-.107,.955);es="Linear";ed="In";};["Right Leg"]={tm=.017000000000000015;cf=cfr(.017,.006,-.01,.931,.231,-.282,-.175,.962,.211,.32,-.147,.936);es="Linear";ed="In";};["Left Arm"]={tm=.017000000000000015;cf=cfr(-.247,-.488,-.355,-.067,.28,-.958,-.942,-.335,-.032,-.33,.9,.286);es="Linear";ed="In";};["Head"]={tm=.017000000000000015;cf=cfr(0,0,-.001,.997,.035,-.062,-.06,.879,-.474,.038,.476,.878);es="Linear";ed="In";};["Right Arm"]={tm=.017000000000000015;cf=cfr(.278,-.872,-.546,.135,-.063,.989,.989,.063,-.131,-.054,.996,.071);es="Linear";ed="In";};};{tm=.4;["HumanoidRootPart"]={tm=.01699999999999996;cf=cfr(0,0,0,1,0,0,0,1,0,0,0,1);es="Linear";ed="In";};["Torso"]={tm=.01699999999999996;cf=cfr(0,.01,-.01,.248,.954,.169,-.969,.241,.06,.017,-.178,.984);es="Linear";ed="In";};["Left Leg"]={tm=.01699999999999996;cf=cfr(-.016,-.003,.011,.948,-.189,.254,.153,.976,.154,-.277,-.107,.955);es="Linear";ed="In";};["Right Leg"]={tm=.01699999999999996;cf=cfr(.018,.007,-.011,.931,.232,-.281,-.176,.961,.212,.319,-.148,.936);es="Linear";ed="In";};["Left Arm"]={tm=.01699999999999996;cf=cfr(-.247,-.49,-.355,-.067,.28,-.958,-.942,-.335,-.032,-.33,.9,.286);es="Linear";ed="In";};["Head"]={tm=.01699999999999996;cf=cfr(0,0,-.001,.997,.035,-.062,-.06,.878,-.475,.038,.478,.878);es="Linear";ed="In";};["Right Arm"]={tm=.01699999999999996;cf=cfr(.277,-.873,-.546,.135,-.063,.989,.989,.063,-.131,-.054,.996,.071);es="Linear";ed="In";};};{tm=.417;["HumanoidRootPart"]={tm=.016000000000000014;cf=cfr(0,0,0,1,0,0,0,1,0,0,0,1);es="Linear";ed="In";};["Torso"]={tm=.016000000000000014;cf=cfr(0,.011,-.011,.247,.954,.169,-.969,.24,.06,.017,-.179,.984);es="Linear";ed="In";};["Left Leg"]={tm=.016000000000000014;cf=cfr(-.017,-.003,.012,.948,-.19,.254,.155,.976,.153,-.277,-.106,.955);es="Linear";ed="In";};["Right Leg"]={tm=.016000000000000014;cf=cfr(.02,.007,-.012,.931,.233,-.28,-.177,.961,.213,.318,-.149,.936);es="Linear";ed="In";};["Left Arm"]={tm=.016000000000000014;cf=cfr(-.246,-.492,-.355,-.067,.28,-.958,-.942,-.335,-.032,-.33,.9,.286);es="Linear";ed="In";};["Head"]={tm=.016000000000000014;cf=cfr(0,0,-.001,.997,.035,-.063,-.06,.877,-.476,.038,.479,.877);es="Linear";ed="In";};["Right Arm"]={tm=.016000000000000014;cf=cfr(.277,-.875,-.546,.135,-.063,.989,.989,.063,-.131,-.054,.996,.071);es="Linear";ed="In";};};{tm=.433;["HumanoidRootPart"]={tm=.017000000000000015;cf=cfr(0,0,0,1,0,0,0,1,0,0,0,1);es="Linear";ed="In";};["Torso"]={tm=.017000000000000015;cf=cfr(0,.012,-.012,.247,.954,.17,-.969,.24,.061,.017,-.18,.984);es="Linear";ed="In";};["Left Leg"]={tm=.017000000000000015;cf=cfr(-.018,-.004,.013,.948,-.191,.254,.156,.976,.153,-.277,-.105,.955);es="Linear";ed="In";};["Right Leg"]={tm=.017000000000000015;cf=cfr(.022,.008,-.013,.931,.235,-.279,-.178,.961,.214,.318,-.15,.936);es="Linear";ed="In";};["Left Arm"]={tm=.017000000000000015;cf=cfr(-.246,-.493,-.355,-.067,.28,-.958,-.942,-.335,-.032,-.33,.9,.286);es="Linear";ed="In";};["Head"]={tm=.017000000000000015;cf=cfr(0,0,-.001,.997,.035,-.063,-.061,.876,-.478,.039,.48,.876);es="Linear";ed="In";};["Right Arm"]={tm=.017000000000000015;cf=cfr(.276,-.876,-.546,.135,-.063,.989,.989,.063,-.131,-.054,.996,.071);es="Linear";ed="In";};};{tm=.45;["HumanoidRootPart"]={tm=.017000000000000015;cf=cfr(0,0,0,1,0,0,0,1,0,0,0,1);es="Linear";ed="In";};["Torso"]={tm=.017000000000000015;cf=cfr(0,.013,-.013,.246,.954,.171,-.969,.239,.061,.018,-.18,.983);es="Linear";ed="In";};["Left Leg"]={tm=.017000000000000015;cf=cfr(-.02,-.004,.014,.948,-.193,.254,.157,.976,.152,-.277,-.104,.955);es="Linear";ed="In";};["Right Leg"]={tm=.017000000000000015;cf=cfr(.023,.008,-.014,.931,.236,-.277,-.179,.96,.215,.317,-.151,.936);es="Linear";ed="In";};["Left Arm"]={tm=.017000000000000015;cf=cfr(-.245,-.495,-.356,-.067,.28,-.958,-.942,-.335,-.032,-.33,.9,.286);es="Linear";ed="In";};["Head"]={tm=.017000000000000015;cf=cfr(0,.001,-.001,.997,.035,-.063,-.061,.876,-.479,.039,.482,.875);es="Linear";ed="In";};["Right Arm"]={tm=.017000000000000015;cf=cfr(.276,-.877,-.546,.135,-.063,.989,.989,.063,-.131,-.054,.996,.071);es="Linear";ed="In";};};{tm=.467;["HumanoidRootPart"]={tm=.01599999999999996;cf=cfr(0,0,0,1,0,0,0,1,0,0,0,1);es="Linear";ed="In";};["Torso"]={tm=.01599999999999996;cf=cfr(0,.014,-.014,.245,.954,.171,-.969,.238,.062,.018,-.181,.983);es="Linear";ed="In";};["Left Leg"]={tm=.01599999999999996;cf=cfr(-.021,-.004,.015,.948,-.194,.254,.159,.976,.152,-.277,-.103,.955);es="Linear";ed="In";};["Right Leg"]={tm=.01599999999999996;cf=cfr(.025,.009,-.015,.931,.237,-.276,-.18,.96,.216,.316,-.152,.936);es="Linear";ed="In";};["Left Arm"]={tm=.01599999999999996;cf=cfr(-.244,-.497,-.356,-.067,.28,-.958,-.942,-.335,-.032,-.33,.9,.286);es="Linear";ed="In";};["Head"]={tm=.01599999999999996;cf=cfr(0,.001,-.001,.997,.035,-.063,-.061,.875,-.481,.039,.483,.875);es="Linear";ed="In";};["Right Arm"]={tm=.01599999999999996;cf=cfr(.276,-.878,-.545,.135,-.063,.989,.989,.063,-.131,-.054,.996,.071);es="Linear";ed="In";};};{tm=.483;["HumanoidRootPart"]={tm=.017000000000000015;cf=cfr(0,0,0,1,0,0,0,1,0,0,0,1);es="Linear";ed="In";};["Torso"]={tm=.017000000000000015;cf=cfr(0,.015,-.015,.244,.954,.172,-.97,.237,.062,.019,-.182,.983);es="Linear";ed="In";};["Left Leg"]={tm=.017000000000000015;cf=cfr(-.023,-.005,.016,.947,-.195,.254,.16,.975,.151,-.277,-.102,.955);es="Linear";ed="In";};["Right Leg"]={tm=.017000000000000015;cf=cfr(.026,.009,-.016,.932,.238,-.275,-.181,.959,.217,.316,-.153,.937);es="Linear";ed="In";};["Left Arm"]={tm=.017000000000000015;cf=cfr(-.244,-.499,-.356,-.067,.28,-.958,-.942,-.335,-.032,-.33,.9,.286);es="Linear";ed="In";};["Head"]={tm=.017000000000000015;cf=cfr(0,.001,-.001,.997,.035,-.064,-.061,.874,-.482,.039,.485,.874);es="Linear";ed="In";};["Right Arm"]={tm=.017000000000000015;cf=cfr(.275,-.879,-.545,.135,-.063,.989,.989,.063,-.131,-.054,.996,.071);es="Linear";ed="In";};};{tm=.5;["HumanoidRootPart"]={tm=.017000000000000015;cf=cfr(0,0,0,1,0,0,0,1,0,0,0,1);es="Linear";ed="In";};["Torso"]={tm=.017000000000000015;cf=cfr(0,.016,-.016,.243,.954,.172,-.97,.236,.063,.019,-.182,.983);es="Linear";ed="In";};["Left Leg"]={tm=.017000000000000015;cf=cfr(-.024,-.005,.017,.947,-.196,.254,.162,.975,.15,-.277,-.101,.955);es="Linear";ed="In";};["Right Leg"]={tm=.017000000000000015;cf=cfr(.028,.01,-.017,.932,.239,-.274,-.182,.959,.218,.315,-.154,.937);es="Linear";ed="In";};["Left Arm"]={tm=.017000000000000015;cf=cfr(-.243,-.501,-.356,-.067,.28,-.958,-.942,-.335,-.032,-.33,.9,.286);es="Linear";ed="In";};["Head"]={tm=.017000000000000015;cf=cfr(0,.001,-.001,.997,.035,-.064,-.062,.873,-.484,.039,.486,.873);es="Linear";ed="In";};["Right Arm"]={tm=.017000000000000015;cf=cfr(.275,-.881,-.545,.135,-.063,.989,.989,.063,-.131,-.054,.996,.071);es="Linear";ed="In";};};{tm=.517;["HumanoidRootPart"]={tm=.016000000000000014;cf=cfr(0,0,0,1,0,0,0,1,0,0,0,1);es="Linear";ed="In";};["Torso"]={tm=.016000000000000014;cf=cfr(0,.017,-.017,.243,.955,.173,-.97,.235,.063,.02,-.183,.983);es="Linear";ed="In";};["Left Leg"]={tm=.016000000000000014;cf=cfr(-.026,-.005,.018,.947,-.198,.254,.164,.975,.15,-.277,-.1,.956);es="Linear";ed="In";};["Right Leg"]={tm=.016000000000000014;cf=cfr(.03,.01,-.018,.932,.24,-.273,-.183,.958,.219,.314,-.155,.937);es="Linear";ed="In";};["Left Arm"]={tm=.016000000000000014;cf=cfr(-.243,-.503,-.356,-.067,.28,-.958,-.942,-.335,-.032,-.33,.9,.286);es="Linear";ed="In";};["Head"]={tm=.016000000000000014;cf=cfr(0,.001,-.001,.997,.035,-.064,-.062,.872,-.485,.039,.488,.872);es="Linear";ed="In";};["Right Arm"]={tm=.016000000000000014;cf=cfr(.274,-.882,-.545,.135,-.063,.989,.989,.063,-.131,-.054,.996,.071);es="Linear";ed="In";};};{tm=.533;["HumanoidRootPart"]={tm=.017000000000000015;cf=cfr(0,0,0,1,0,0,0,1,0,0,0,1);es="Linear";ed="In";};["Torso"]={tm=.017000000000000015;cf=cfr(0,.018,-.018,.242,.955,.174,-.97,.234,.064,.02,-.184,.983);es="Linear";ed="In";};["Left Leg"]={tm=.017000000000000015;cf=cfr(-.027,-.006,.02,.946,-.199,.254,.165,.975,.149,-.277,-.099,.956);es="Linear";ed="In";};["Right Leg"]={tm=.017000000000000015;cf=cfr(.032,.011,-.019,.932,.241,-.271,-.184,.958,.221,.313,-.156,.937);es="Linear";ed="In";};["Left Arm"]={tm=.017000000000000015;cf=cfr(-.242,-.505,-.357,-.067,.28,-.958,-.942,-.335,-.032,-.33,.9,.286);es="Linear";ed="In";};["Head"]={tm=.017000000000000015;cf=cfr(0,.001,-.001,.997,.035,-.065,-.062,.871,-.487,.04,.49,.871);es="Linear";ed="In";};["Right Arm"]={tm=.017000000000000015;cf=cfr(.274,-.884,-.545,.135,-.063,.989,.989,.063,-.131,-.054,.996,.071);es="Linear";ed="In";};};{tm=.55;["HumanoidRootPart"]={tm=.016999999999999904;cf=cfr(0,0,0,1,0,0,0,1,0,0,0,1);es="Linear";ed="In";};["Torso"]={tm=.016999999999999904;cf=cfr(0,.019,-.019,.241,.955,.174,-.97,.233,.064,.021,-.185,.983);es="Linear";ed="In";};["Left Leg"]={tm=.016999999999999904;cf=cfr(-.029,-.006,.021,.946,-.201,.254,.167,.975,.149,-.277,-.098,.956);es="Linear";ed="In";};["Right Leg"]={tm=.016999999999999904;cf=cfr(.034,.012,-.02,.932,.243,-.27,-.185,.957,.222,.312,-.157,.937);es="Linear";ed="In";};["Left Arm"]={tm=.016999999999999904;cf=cfr(-.241,-.507,-.357,-.067,.28,-.958,-.942,-.335,-.032,-.33,.9,.286);es="Linear";ed="In";};["Head"]={tm=.016999999999999904;cf=cfr(0,.001,-.001,.997,.035,-.065,-.062,.87,-.489,.04,.491,.87);es="Linear";ed="In";};["Right Arm"]={tm=.016999999999999904;cf=cfr(.273,-.885,-.545,.135,-.063,.989,.989,.063,-.131,-.054,.996,.071);es="Linear";ed="In";};};{tm=.567;["HumanoidRootPart"]={tm=.016000000000000014;cf=cfr(0,0,0,1,0,0,0,1,0,0,0,1);es="Linear";ed="In";};["Torso"]={tm=.016000000000000014;cf=cfr(0,.02,-.02,.24,.955,.175,-.971,.232,.065,.021,-.185,.982);es="Linear";ed="In";};["Left Leg"]={tm=.016000000000000014;cf=cfr(-.03,-.006,.022,.946,-.202,.254,.169,.975,.148,-.277,-.097,.956);es="Linear";ed="In";};["Right Leg"]={tm=.016000000000000014;cf=cfr(.036,.012,-.022,.932,.244,-.269,-.186,.957,.223,.311,-.158,.937);es="Linear";ed="In";};["Left Arm"]={tm=.016000000000000014;cf=cfr(-.24,-.51,-.357,-.067,.28,-.958,-.942,-.335,-.032,-.33,.9,.286);es="Linear";ed="In";};["Head"]={tm=.016000000000000014;cf=cfr(0,.001,-.001,.997,.035,-.066,-.063,.869,-.49,.04,.493,.869);es="Linear";ed="In";};["Right Arm"]={tm=.016000000000000014;cf=cfr(.273,-.886,-.544,.135,-.063,.989,.989,.063,-.131,-.054,.996,.071);es="Linear";ed="In";};};{tm=.583;["HumanoidRootPart"]={tm=.017000000000000015;cf=cfr(0,0,0,1,0,0,0,1,0,0,0,1);es="Linear";ed="In";};["Torso"]={tm=.017000000000000015;cf=cfr(0,.021,-.021,.239,.955,.176,-.971,.231,.065,.022,-.186,.982);es="Linear";ed="In";};["Left Leg"]={tm=.017000000000000015;cf=cfr(-.032,-.007,.023,.946,-.204,.254,.17,.974,.147,-.277,-.096,.956);es="Linear";ed="In";};["Right Leg"]={tm=.017000000000000015;cf=cfr(.038,.013,-.023,.932,.245,-.267,-.187,.956,.224,.311,-.159,.937);es="Linear";ed="In";};["Left Arm"]={tm=.017000000000000015;cf=cfr(-.24,-.512,-.357,-.067,.28,-.958,-.942,-.335,-.032,-.33,.9,.286);es="Linear";ed="In";};["Head"]={tm=.017000000000000015;cf=cfr(0,.001,-.001,.997,.035,-.066,-.063,.868,-.492,.04,.495,.868);es="Linear";ed="In";};["Right Arm"]={tm=.017000000000000015;cf=cfr(.272,-.888,-.544,.135,-.063,.989,.989,.063,-.131,-.054,.996,.071);es="Linear";ed="In";};};{tm=.6;["HumanoidRootPart"]={tm=.017000000000000015;cf=cfr(0,0,0,1,0,0,0,1,0,0,0,1);es="Linear";ed="In";};["Torso"]={tm=.017000000000000015;cf=cfr(0,.022,-.022,.238,.955,.176,-.971,.23,.066,.022,-.187,.982);es="Linear";ed="In";};["Left Leg"]={tm=.017000000000000015;cf=cfr(-.034,-.007,.024,.945,-.205,.254,.172,.974,.147,-.277,-.095,.956);es="Linear";ed="In";};["Right Leg"]={tm=.017000000000000015;cf=cfr(.04,.014,-.024,.932,.247,-.266,-.189,.956,.226,.31,-.16,.937);es="Linear";ed="In";};["Left Arm"]={tm=.017000000000000015;cf=cfr(-.239,-.514,-.358,-.067,.28,-.958,-.942,-.335,-.032,-.33,.9,.286);es="Linear";ed="In";};["Head"]={tm=.017000000000000015;cf=cfr(0,.001,-.001,.997,.035,-.066,-.063,.867,-.494,.04,.497,.867);es="Linear";ed="In";};["Right Arm"]={tm=.017000000000000015;cf=cfr(.272,-.889,-.544,.135,-.063,.989,.989,.063,-.131,-.054,.996,.071);es="Linear";ed="In";};};{tm=.617;["HumanoidRootPart"]={tm=.016000000000000014;cf=cfr(0,0,0,1,0,0,0,1,0,0,0,1);es="Linear";ed="In";};["Torso"]={tm=.016000000000000014;cf=cfr(0,.023,-.023,.237,.955,.177,-.971,.229,.066,.023,-.188,.982);es="Linear";ed="In";};["Left Leg"]={tm=.016000000000000014;cf=cfr(-.036,-.008,.026,.945,-.207,.254,.174,.974,.146,-.277,-.094,.956);es="Linear";ed="In";};["Right Leg"]={tm=.016000000000000014;cf=cfr(.042,.014,-.025,.932,.248,-.264,-.19,.955,.227,.309,-.161,.937);es="Linear";ed="In";};["Left Arm"]={tm=.016000000000000014;cf=cfr(-.238,-.516,-.358,-.067,.28,-.958,-.942,-.335,-.032,-.33,.9,.286);es="Linear";ed="In";};["Head"]={tm=.016000000000000014;cf=cfr(0,.001,-.001,.997,.035,-.067,-.063,.866,-.496,.04,.498,.866);es="Linear";ed="In";};["Right Arm"]={tm=.016000000000000014;cf=cfr(.271,-.891,-.544,.135,-.063,.989,.989,.063,-.131,-.054,.996,.071);es="Linear";ed="In";};};{tm=.633;["HumanoidRootPart"]={tm=.017000000000000015;cf=cfr(0,0,0,1,0,0,0,1,0,0,0,1);es="Linear";ed="In";};["Torso"]={tm=.017000000000000015;cf=cfr(0,.025,-.025,.236,.955,.178,-.971,.228,.067,.023,-.189,.982);es="Linear";ed="In";};["Left Leg"]={tm=.017000000000000015;cf=cfr(-.037,-.008,.027,.945,-.208,.254,.176,.974,.146,-.277,-.093,.956);es="Linear";ed="In";};["Right Leg"]={tm=.017000000000000015;cf=cfr(.044,.015,-.027,.932,.249,-.263,-.191,.955,.228,.308,-.163,.937);es="Linear";ed="In";};["Left Arm"]={tm=.017000000000000015;cf=cfr(-.238,-.519,-.358,-.067,.28,-.958,-.942,-.335,-.032,-.33,.9,.286);es="Linear";ed="In";};["Head"]={tm=.017000000000000015;cf=cfr(0,.001,-.001,.997,.035,-.067,-.064,.865,-.497,.041,.5,.865);es="Linear";ed="In";};["Right Arm"]={tm=.017000000000000015;cf=cfr(.271,-.892,-.544,.135,-.063,.989,.989,.063,-.131,-.054,.996,.071);es="Linear";ed="In";};};{tm=.65;["HumanoidRootPart"]={tm=.017000000000000015;cf=cfr(0,0,0,1,0,0,0,1,0,0,0,1);es="Linear";ed="In";};["Torso"]={tm=.017000000000000015;cf=cfr(0,.026,-.026,.235,.955,.179,-.972,.227,.067,.024,-.189,.982);es="Linear";ed="In";};["Left Leg"]={tm=.017000000000000015;cf=cfr(-.039,-.008,.028,.944,-.21,.253,.178,.973,.145,-.277,-.092,.956);es="Linear";ed="In";};["Right Leg"]={tm=.017000000000000015;cf=cfr(.046,.016,-.028,.932,.251,-.261,-.192,.954,.23,.307,-.164,.938);es="Linear";ed="In";};["Left Arm"]={tm=.017000000000000015;cf=cfr(-.237,-.521,-.359,-.067,.28,-.958,-.942,-.335,-.032,-.33,.9,.286);es="Linear";ed="In";};["Head"]={tm=.017000000000000015;cf=cfr(0,.001,-.001,.997,.035,-.067,-.064,.864,-.499,.041,.502,.864);es="Linear";ed="In";};["Right Arm"]={tm=.017000000000000015;cf=cfr(.27,-.894,-.543,.135,-.063,.989,.989,.063,-.131,-.054,.996,.071);es="Linear";ed="In";};};{tm=.667;["HumanoidRootPart"]={tm=.016000000000000014;cf=cfr(0,0,0,1,0,0,0,1,0,0,0,1);es="Linear";ed="In";};["Torso"]={tm=.016000000000000014;cf=cfr(0,.027,-.027,.234,.955,.179,-.972,.225,.068,.025,-.19,.981);es="Linear";ed="In";};["Left Leg"]={tm=.016000000000000014;cf=cfr(-.041,-.009,.029,.944,-.212,.253,.179,.973,.144,-.277,-.091,.957);es="Linear";ed="In";};["Right Leg"]={tm=.016000000000000014;cf=cfr(.048,.016,-.029,.932,.252,-.26,-.194,.953,.231,.306,-.165,.938);es="Linear";ed="In";};["Left Arm"]={tm=.016000000000000014;cf=cfr(-.236,-.524,-.359,-.067,.28,-.958,-.942,-.335,-.032,-.33,.9,.286);es="Linear";ed="In";};["Head"]={tm=.016000000000000014;cf=cfr(0,.001,-.001,.997,.035,-.068,-.064,.863,-.501,.041,.504,.863);es="Linear";ed="In";};["Right Arm"]={tm=.016000000000000014;cf=cfr(.27,-.896,-.543,.135,-.063,.989,.989,.063,-.131,-.054,.996,.071);es="Linear";ed="In";};};{tm=.683;["HumanoidRootPart"]={tm=.016999999999999904;cf=cfr(0,0,0,1,0,0,0,1,0,0,0,1);es="Linear";ed="In";};["Torso"]={tm=.016999999999999904;cf=cfr(0,.028,-.028,.233,.956,.18,-.972,.224,.069,.025,-.191,.981);es="Linear";ed="In";};["Left Leg"]={tm=.016999999999999904;cf=cfr(-.043,-.009,.031,.944,-.213,.253,.181,.973,.143,-.277,-.089,.957);es="Linear";ed="In";};["Right Leg"]={tm=.016999999999999904;cf=cfr(.05,.017,-.031,.932,.254,-.258,-.195,.953,.232,.305,-.166,.938);es="Linear";ed="In";};["Left Arm"]={tm=.016999999999999904;cf=cfr(-.235,-.526,-.359,-.067,.28,-.958,-.942,-.335,-.032,-.33,.9,.286);es="Linear";ed="In";};["Head"]={tm=.016999999999999904;cf=cfr(0,.001,-.001,.997,.035,-.068,-.065,.862,-.503,.041,.506,.862);es="Linear";ed="In";};["Right Arm"]={tm=.016999999999999904;cf=cfr(.269,-.897,-.543,.135,-.063,.989,.989,.063,-.131,-.054,.996,.071);es="Linear";ed="In";};};{tm=.7;["HumanoidRootPart"]={tm=.017000000000000015;cf=cfr(0,0,0,1,0,0,0,1,0,0,0,1);es="Linear";ed="In";};["Torso"]={tm=.017000000000000015;cf=cfr(0,.029,-.029,.232,.956,.181,-.972,.223,.069,.026,-.192,.981);es="Linear";ed="In";};["Left Leg"]={tm=.017000000000000015;cf=cfr(-.045,-.01,.032,.943,-.215,.253,.183,.973,.143,-.277,-.088,.957);es="Linear";ed="In";};["Right Leg"]={tm=.017000000000000015;cf=cfr(.052,.018,-.032,.932,.255,-.257,-.196,.952,.234,.304,-.168,.938);es="Linear";ed="In";};["Left Arm"]={tm=.017000000000000015;cf=cfr(-.234,-.529,-.359,-.067,.28,-.958,-.942,-.335,-.032,-.33,.9,.286);es="Linear";ed="In";};["Head"]={tm=.017000000000000015;cf=cfr(0,.001,-.001,.997,.035,-.069,-.065,.861,-.505,.041,.508,.86);es="Linear";ed="In";};["Right Arm"]={tm=.017000000000000015;cf=cfr(.268,-.899,-.543,.135,-.063,.989,.989,.063,-.131,-.054,.996,.071);es="Linear";ed="In";};};{tm=.717;["HumanoidRootPart"]={tm=.016000000000000014;cf=cfr(0,0,0,1,0,0,0,1,0,0,0,1);es="Linear";ed="In";};["Torso"]={tm=.016000000000000014;cf=cfr(0,.031,-.031,.231,.956,.182,-.973,.222,.07,.026,-.193,.981);es="Linear";ed="In";};["Left Leg"]={tm=.016000000000000014;cf=cfr(-.047,-.01,.034,.943,-.217,.253,.185,.972,.142,-.277,-.087,.957);es="Linear";ed="In";};["Right Leg"]={tm=.016000000000000014;cf=cfr(.054,.018,-.034,.932,.257,-.255,-.198,.952,.235,.303,-.169,.938);es="Linear";ed="In";};["Left Arm"]={tm=.016000000000000014;cf=cfr(-.234,-.531,-.36,-.067,.28,-.958,-.942,-.335,-.032,-.33,.9,.286);es="Linear";ed="In";};["Head"]={tm=.016000000000000014;cf=cfr(0,.001,-.002,.997,.035,-.069,-.065,.86,-.507,.042,.51,.859);es="Linear";ed="In";};["Right Arm"]={tm=.016000000000000014;cf=cfr(.268,-.901,-.542,.135,-.063,.989,.989,.063,-.131,-.054,.996,.071);es="Linear";ed="In";};};{tm=.733;["HumanoidRootPart"]={tm=.017000000000000015;cf=cfr(0,0,0,1,0,0,0,1,0,0,0,1);es="Linear";ed="In";};["Torso"]={tm=.017000000000000015;cf=cfr(0,.032,-.032,.23,.956,.183,-.973,.221,.07,.027,-.194,.981);es="Linear";ed="In";};["Left Leg"]={tm=.017000000000000015;cf=cfr(-.049,-.011,.035,.942,-.218,.253,.187,.972,.141,-.277,-.086,.957);es="Linear";ed="In";};["Right Leg"]={tm=.017000000000000015;cf=cfr(.057,.019,-.035,.932,.258,-.253,-.199,.951,.237,.302,-.17,.938);es="Linear";ed="In";};["Left Arm"]={tm=.017000000000000015;cf=cfr(-.233,-.534,-.36,-.067,.28,-.958,-.942,-.335,-.032,-.33,.9,.286);es="Linear";ed="In";};["Head"]={tm=.017000000000000015;cf=cfr(0,.001,-.002,.997,.035,-.07,-.066,.858,-.509,.042,.512,.858);es="Linear";ed="In";};["Right Arm"]={tm=.017000000000000015;cf=cfr(.267,-.902,-.542,.135,-.063,.989,.989,.063,-.131,-.054,.996,.071);es="Linear";ed="In";};};{tm=.75;["HumanoidRootPart"]={tm=.017000000000000015;cf=cfr(0,0,0,1,0,0,0,1,0,0,0,1);es="Linear";ed="In";};["Torso"]={tm=.017000000000000015;cf=cfr(0,.033,-.033,.229,.956,.183,-.973,.219,.071,.028,-.195,.98);es="Linear";ed="In";};["Left Leg"]={tm=.017000000000000015;cf=cfr(-.05,-.011,.036,.942,-.22,.253,.189,.972,.141,-.277,-.085,.957);es="Linear";ed="In";};["Right Leg"]={tm=.017000000000000015;cf=cfr(.059,.02,-.036,.932,.26,-.252,-.2,.95,.238,.301,-.172,.938);es="Linear";ed="In";};["Left Arm"]={tm=.017000000000000015;cf=cfr(-.232,-.536,-.36,-.067,.28,-.958,-.942,-.335,-.032,-.33,.9,.286);es="Linear";ed="In";};["Head"]={tm=.017000000000000015;cf=cfr(0,.001,-.002,.997,.035,-.07,-.066,.857,-.511,.042,.514,.857);es="Linear";ed="In";};["Right Arm"]={tm=.017000000000000015;cf=cfr(.267,-.904,-.542,.135,-.063,.989,.989,.063,-.131,-.054,.996,.071);es="Linear";ed="In";};};{tm=.767;["HumanoidRootPart"]={tm=.016000000000000014;cf=cfr(0,0,0,1,0,0,0,1,0,0,0,1);es="Linear";ed="In";};["Torso"]={tm=.016000000000000014;cf=cfr(0,.035,-.035,.228,.956,.184,-.973,.218,.072,.028,-.196,.98);es="Linear";ed="In";};["Left Leg"]={tm=.016000000000000014;cf=cfr(-.052,-.012,.038,.942,-.222,.253,.191,.972,.14,-.277,-.083,.957);es="Linear";ed="In";};["Right Leg"]={tm=.016000000000000014;cf=cfr(.061,.02,-.038,.932,.261,-.25,-.202,.95,.24,.3,-.173,.938);es="Linear";ed="In";};["Left Arm"]={tm=.016000000000000014;cf=cfr(-.231,-.539,-.361,-