-- // converted using mech's animoduler
local cfr = CFrame.new

return {{tm=0;["HumanoidRootPart"]={tm=.033;cf=cfr(0,0,0,1,0,0,0,1,0,0,0,1);es="Linear";ed="In";};["Torso"]={tm=.033;cf=cfr(.064,-.023,-.333,.946,.323,-.019,-.323,.939,-.118,-.02,.117,.993);es="Linear";ed="In";};["Left Leg"]={tm=.033;cf=cfr(-.16,.359,.126,.86,.15,.487,-.166,.986,-.01,-.482,-.072,.873);es="Linear";ed="In";};["Right Arm"]={tm=.033;cf=cfr(-.172,-.471,.005,.239,-.873,.425,.896,.367,.25,-.374,.321,.87);es="Linear";ed="In";};["Head"]={tm=.033;cf=cfr(0,0,.018,.946,-.321,.041,.324,.94,-.11,-.003,.118,.993);es="Linear";ed="In";};["Right Leg"]={tm=.033;cf=cfr(.429,.268,.065,.862,.375,-.341,-.291,.917,.271,.414,-.135,.9);es="Linear";ed="In";};["Left Arm"]={tm=.033;cf=cfr(-.534,-.477,-.178,.557,.649,-.519,-.787,.212,-.58,-.266,.731,.628);es="Linear";ed="In";};};{tm=.033;["HumanoidRootPart"]={tm=.034;cf=cfr(0,0,0,1,0,0,0,1,0,0,0,1);es="Linear";ed="In";};["Torso"]={tm=.034;cf=cfr(.061,-.028,-.445,.944,.328,-.022,-.328,.934,-.14,-.026,.14,.99);es="Linear";ed="In";};["Left Leg"]={tm=.034;cf=cfr(-.348,.506,.247,.857,.061,.511,-.058,.998,-.02,-.511,-.013,.859);es="Linear";ed="In";};["Right Arm"]={tm=.034;cf=cfr(-.174,-.465,.02,.209,-.863,.461,.888,.365,.281,-.411,.35,.842);es="Linear";ed="In";};["Head"]={tm=.034;cf=cfr(0,0,.018,.942,-.332,.044,.334,.936,-.112,-.004,.12,.993);es="Linear";ed="In";};["Right Leg"]={tm=.034;cf=cfr(.525,.349,.11,.824,.417,-.384,-.33,.904,.273,.461,-.098,.882);es="Linear";ed="In";};["Left Arm"]={tm=.034;cf=cfr(-.522,-.36,-.014,.38,.575,-.725,-.925,.262,-.277,.031,.775,.631);es="Linear";ed="In";};};{tm=.067;["HumanoidRootPart"]={tm=.033;cf=cfr(0,0,0,1,0,0,0,1,0,0,0,1);es="Linear";ed="In";};["Torso"]={tm=.033;cf=cfr(.057,-.031,-.581,.943,.333,-.024,-.331,.926,-.178,-.037,.176,.984);es="Linear";ed="In";};["Left Leg"]={tm=.033;cf=cfr(-.444,.669,.328,.846,.032,.533,-.016,.999,-.035,-.533,.021,.846);es="Linear";ed="In";};["Right Arm"]={tm=.033;cf=cfr(-.175,-.452,.054,.179,-.85,.496,.876,.367,.313,-.448,.378,.81);es="Linear";ed="In";};["Head"]={tm=.033;cf=cfr(0,0,.018,.938,-.344,.04,.346,.934,-.094,-.005,.102,.995);es="Linear";ed="In";};["Right Leg"]={tm=.033;cf=cfr(.594,.461,.149,.795,.431,-.427,-.348,.901,.261,.497,-.059,.866);es="Linear";ed="In";};["Left Arm"]={tm=.033;cf=cfr(-.547,-.252,.175,.014,.623,-.782,-.892,.36,.272,.451,.694,.561);es="Linear";ed="In";};};{tm=.1;["HumanoidRootPart"]={tm=.033;cf=cfr(0,0,0,1,0,0,0,1,0,0,0,1);es="Linear";ed="In";};["Torso"]={tm=.033;cf=cfr(.053,-.033,-.68,.941,.337,-.026,-.334,.915,-.228,-.053,.223,.973);es="Linear";ed="In";};["Left Leg"]={tm=.033;cf=cfr(-.456,.804,.363,.834,.062,.548,-.038,.998,-.054,-.55,.024,.835);es="Linear";ed="In";};["Right Arm"]={tm=.033;cf=cfr(-.175,-.432,.104,.148,-.835,.53,.861,.372,.347,-.487,.405,.774);es="Linear";ed="In";};["Head"]={tm=.033;cf=cfr(0,0,.018,.934,-.356,.03,.357,.932,-.058,-.007,.065,.998);es="Linear";ed="In";};["Right Leg"]={tm=.033;cf=cfr(.618,.557,.164,.8,.4,-.447,-.333,.916,.224,.499,-.03,.866);es="Linear";ed="In";};["Left Arm"]={tm=.033;cf=cfr(-.646,-.231,.193,-.144,.848,-.51,-.744,.248,.621,.653,.469,.595);es="Linear";ed="In";};};{tm=.133;["HumanoidRootPart"]={tm=.034;cf=cfr(0,0,0,1,0,0,0,1,0,0,0,1);es="Linear";ed="In";};["Torso"]={tm=.034;cf=cfr(.048,-.034,-.757,.94,.341,-.027,-.334,.898,-.285,-.073,.277,.958);es="Linear";ed="In";};["Left Leg"]={tm=.034;cf=cfr(-.427,.923,.373,.821,.12,.558,-.094,.993,-.076,-.563,.01,.826);es="Linear";ed="In";};["Right Arm"]={tm=.034;cf=cfr(-.176,-.407,.166,.116,-.819,.562,.843,.38,.379,-.525,.43,.735);es="Linear";ed="In";};["Head"]={tm=.034;cf=cfr(0,0,.018,.93,-.367,.014,.367,.93,-.008,-.01,.012,1);es="Linear";ed="In";};["Right Leg"]={tm=.034;cf=cfr(.618,.64,.167,.828,.342,-.445,-.298,.94,.169,.476,-.007,.88);es="Linear";ed="In";};["Left Arm"]={tm=.034;cf=cfr(-.762,-.187,.185,-.153,.98,-.127,-.614,.006,.789,.774,.199,.601);es="Linear";ed="In";};};{tm=.167;["HumanoidRootPart"]={tm=.033;cf=cfr(0,0,0,1,0,0,0,1,0,0,0,1);es="Linear";ed="In";};["Torso"]={tm=.033;cf=cfr(.042,-.033,-.82,.938,.345,-.029,-.333,.877,-.347,-.095,.336,.937);es="Linear";ed="In";};["Left Leg"]={tm=.033;cf=cfr(-.372,1.028,.367,.804,.195,.562,-.168,.981,-.1,-.571,-.014,.821);es="Linear";ed="In";};["Right Arm"]={tm=.033;cf=cfr(-.175,-.379,.235,.084,-.801,.593,.824,.391,.411,-.561,.453,.693);es="Linear";ed="In";};["Head"]={tm=.033;cf=cfr(0,0,.018,.927,-.376,-.007,.376,.925,.053,-.014,-.051,.999);es="Linear";ed="In";};["Right Leg"]={tm=.033;cf=cfr(.599,.713,.164,.866,.263,-.424,-.243,.965,.103,.437,.014,.9);es="Linear";ed="In";};["Left Arm"]={tm=.033;cf=cfr(-.859,-.142,.163,-.089,.967,.237,-.56,-.246,.792,.824,-.062,.563);es="Linear";ed="In";};};{tm=.2;["HumanoidRootPart"]={tm=.033;cf=cfr(0,0,0,1,0,0,0,1,0,0,0,1);es="Linear";ed="In";};["Torso"]={tm=.033;cf=cfr(.036,-.031,-.876,.937,.348,-.03,-.33,.851,-.41,-.117,.394,.912);es="Linear";ed="In";};["Left Leg"]={tm=.033;cf=cfr(-.301,1.117,.35,.78,.278,.561,-.252,.96,-.125,-.574,-.044,.818);es="Linear";ed="In";};["Right Arm"]={tm=.033;cf=cfr(-.175,-.35,.307,.052,-.783,.62,.802,.403,.441,-.595,.474,.649);es="Linear";ed="In";};["Head"]={tm=.033;cf=cfr(0,0,.018,.924,-.38,-.03,.381,.917,.119,-.018,-.121,.992);es="Linear";ed="In";};["Right Leg"]={tm=.033;cf=cfr(.563,.776,.162,.905,.171,-.39,-.171,.985,.035,.39,.035,.92);es="Linear";ed="In";};["Left Arm"]={tm=.033;cf=cfr(-.923,-.111,.138,-.026,.873,.488,-.552,-.419,.721,.834,-.251,.492);es="Linear";ed="In";};};{tm=.233;["HumanoidRootPart"]={tm=.034;cf=cfr(0,0,0,1,0,0,0,1,0,0,0,1);es="Linear";ed="In";};["Torso"]={tm=.034;cf=cfr(.03,-.026,-.925,.936,.351,-.032,-.325,.821,-.469,-.139,.449,.883);es="Linear";ed="In";};["Left Leg"]={tm=.034;cf=cfr(-.221,1.187,.325,.748,.361,.557,-.338,.929,-.149,-.571,-.077,.817);es="Linear";ed="In";};["Right Arm"]={tm=.034;cf=cfr(-.175,-.321,.38,.021,-.764,.645,.78,.416,.468,-.626,.493,.604);es="Linear";ed="In";};["Head"]={tm=.034;cf=cfr(0,0,.018,.923,-.381,-.054,.384,.905,.185,-.021,-.192,.981);es="Linear";ed="In";};["Right Leg"]={tm=.034;cf=cfr(.515,.826,.162,.936,.072,-.345,-.088,.996,-.03,.342,.058,.938);es="Linear";ed="In";};["Left Arm"]={tm=.034;cf=cfr(-.947,-.095,.128,.013,.796,.606,-.53,-.508,.679,.848,-.33,.415);es="Linear";ed="In";};};{tm=.267;["HumanoidRootPart"]={tm=.032999999999999974;cf=cfr(0,0,0,1,0,0,0,1,0,0,0,1);es="Linear";ed="In";};["Torso"]={tm=.032999999999999974;cf=cfr(.025,-.02,-.968,.935,.354,-.033,-.318,.791,-.522,-.159,.499,.852);es="Linear";ed="In";};["Left Leg"]={tm=.032999999999999974;cf=cfr(-.139,1.238,.296,.711,.439,.55,-.419,.892,-.17,-.565,-.109,.818);es="Linear";ed="In";};["Right Arm"]={tm=.032999999999999974;cf=cfr(-.174,-.294,.448,-.01,-.746,.666,.757,.43,.493,-.654,.509,.56);es="Linear";ed="In";};["Head"]={tm=.032999999999999974;cf=cfr(0,0,.018,.923,-.377,-.077,.384,.89,.246,-.025,-.256,.966);es="Linear";ed="In";};["Right Leg"]={tm=.032999999999999974;cf=cfr(.46,.861,.165,.954,-.025,-.297,-.001,.996,-.086,.298,.082,.951);es="Linear";ed="In";};["Left Arm"]={tm=.032999999999999974;cf=cfr(-.949,-.072,.144,.033,.762,.646,-.488,-.552,.676,.872,-.338,.354);es="Linear";ed="In";};};{tm=.3;["HumanoidRootPart"]={tm=.03300000000000003;cf=cfr(0,0,0,1,0,0,0,1,0,0,0,1);es="Linear";ed="In";};["Torso"]={tm=.03300000000000003;cf=cfr(.02,-.013,-1.005,.934,.356,-.035,-.312,.762,-.567,-.176,.54,.823);es="Linear";ed="In";};["Left Leg"]={tm=.03300000000000003;cf=cfr(-.065,1.27,.269,.672,.505,.542,-.489,.852,-.188,-.557,-.138,.819);es="Linear";ed="In";};["Right Arm"]={tm=.03300000000000003;cf=cfr(-.173,-.27,.507,-.04,-.728,.684,.735,.443,.514,-.677,.523,.517);es="Linear";ed="In";};["Head"]={tm=.03300000000000003;cf=cfr(0,0,.018,.924,-.371,-.096,.382,.875,.298,-.027,-.312,.95);es="Linear";ed="In";};["Right Leg"]={tm=.03300000000000003;cf=cfr(.407,.882,.171,.961,-.111,-.252,.08,.988,-.13,.263,.105,.959);es="Linear";ed="In";};["Left Arm"]={tm=.03300000000000003;cf=cfr(-.95,-.031,.176,.044,.745,.665,-.456,-.577,.677,.889,-.333,.315);es="Linear";ed="In";};};{tm=.333;["HumanoidRootPart"]={tm=.033999999999999975;cf=cfr(0,0,0,1,0,0,0,1,0,0,0,1);es="Linear";ed="In";};["Torso"]={tm=.033999999999999975;cf=cfr(.016,-.007,-1.033,.933,.358,-.036,-.306,.738,-.601,-.189,.572,.799);es="Linear";ed="In";};["Left Leg"]={tm=.033999999999999975;cf=cfr(-.004,1.286,.246,.636,.556,.535,-.542,.815,-.203,-.549,-.161,.82);es="Linear";ed="In";};["Right Arm"]={tm=.033999999999999975;cf=cfr(-.173,-.252,.554,-.068,-.712,.699,.714,.455,.532,-.697,.535,.477);es="Linear";ed="In";};["Head"]={tm=.033999999999999975;cf=cfr(0,0,.018,.925,-.365,-.111,.38,.861,.337,-.028,-.354,.935);es="Linear";ed="In";};["Right Leg"]={tm=.033999999999999975;cf=cfr(.363,.892,.177,.96,-.179,-.213,.146,.976,-.163,.237,.125,.963);es="Linear";ed="In";};["Left Arm"]={tm=.033999999999999975;cf=cfr(-.951,.014,.214,.044,.74,.672,-.434,-.592,.68,.9,-.321,.295);es="Linear";ed="In";};};{tm=.367;["HumanoidRootPart"]={tm=.03300000000000003;cf=cfr(0,0,0,1,0,0,0,1,0,0,0,1);es="Linear";ed="In";};["Torso"]={tm=.03300000000000003;cf=cfr(.013,-.002,-1.051,.933,.359,-.036,-.302,.722,-.623,-.197,.592,.782);es="Linear";ed="In";};["Left Leg"]={tm=.03300000000000003;cf=cfr(.038,1.292,.232,.609,.59,.531,-.577,.788,-.214,-.545,-.175,.82);es="Linear";ed="In";};["Right Arm"]={tm=.03300000000000003;cf=cfr(-.172,-.24,.585,-.094,-.697,.711,.695,.466,.548,-.713,.546,.441);es="Linear";ed="In";};["Head"]={tm=.03300000000000003;cf=cfr(0,0,.018,.925,-.359,-.12,.378,.852,.362,-.028,-.38,.924);es="Linear";ed="In";};["Right Leg"]={tm=.03300000000000003;cf=cfr(.334,.895,.183,.957,-.223,-.187,.19,.965,-.182,.221,.139,.965);es="Linear";ed="In";};["Left Arm"]={tm=.03300000000000003;cf=cfr(-.952,.051,.244,.034,.739,.673,-.42,-.6,.681,.907,-.306,.29);es="Linear";ed="In";};};{tm=.4;["HumanoidRootPart"]={tm=.032999999999999974;cf=cfr(0,0,0,1,0,0,0,1,0,0,0,1);es="Linear";ed="In";};["Torso"]={tm=.032999999999999974;cf=cfr(.012,0,-1.057,.932,.36,-.037,-.301,.716,-.63,-.201,.599,.776);es="Linear";ed="In";};["Left Leg"]={tm=.032999999999999974;cf=cfr(.055,1.291,.229,.597,.602,.53,-.588,.778,-.222,-.546,-.179,.818);es="Linear";ed="In";};["Right Arm"]={tm=.032999999999999974;cf=cfr(-.172,-.236,.595,-.117,-.684,.72,.68,.474,.56,-.724,.555,.409);es="Linear";ed="In";};["Head"]={tm=.032999999999999974;cf=cfr(0,0,.018,.926,-.357,-.124,.377,.849,.371,-.027,-.39,.92);es="Linear";ed="In";};["Right Leg"]={tm=.032999999999999974;cf=cfr(.324,.895,.184,.955,-.239,-.177,.206,.96,-.189,.215,.144,.966);es="Linear";ed="In";};["Left Arm"]={tm=.032999999999999974;cf=cfr(-.952,.068,.256,.016,.74,.673,-.417,-.607,.677,.909,-.291,.299);es="Linear";ed="In";};};{tm=.433;["HumanoidRootPart"]={tm=.03400000000000003;cf=cfr(0,0,0,1,0,0,0,1,0,0,0,1);es="Linear";ed="In";};["Torso"]={tm=.03400000000000003;cf=cfr(.013,.003,-1.053,.932,.361,-.036,-.303,.72,-.624,-.199,.592,.781);es="Linear";ed="In";};["Left Leg"]={tm=.03400000000000003;cf=cfr(.051,1.284,.235,.599,.596,.535,-.579,.784,-.225,-.553,-.175,.814);es="Linear";ed="In";};["Right Arm"]={tm=.03400000000000003;cf=cfr(-.171,-.24,.593,-.138,-.672,.727,.666,.48,.57,-.733,.564,.382);es="Linear";ed="In";};["Head"]={tm=.03400000000000003;cf=cfr(0,0,.018,.928,-.352,-.127,.373,.849,.375,-.024,-.395,.919);es="Linear";ed="In";};["Right Leg"]={tm=.03400000000000003;cf=cfr(.334,.897,.181,.957,-.229,-.18,.196,.963,-.184,.215,.14,.966);es="Linear";ed="In";};["Left Arm"]={tm=.03400000000000003;cf=cfr(-.948,.045,.252,-.009,.737,.676,-.418,-.617,.667,.909,-.277,.313);es="Linear";ed="In";};};{tm=.467;["HumanoidRootPart"]={tm=.032999999999999974;cf=cfr(0,0,0,1,0,0,0,1,0,0,0,1);es="Linear";ed="In";};["Torso"]={tm=.032999999999999974;cf=cfr(.014,0,-1.048,.932,.361,-.037,-.306,.725,-.617,-.196,.586,.786);es="Linear";ed="In";};["Left Leg"]={tm=.032999999999999974;cf=cfr(.048,1.275,.24,.602,.589,.539,-.569,.79,-.228,-.561,-.169,.811);es="Linear";ed="In";};["Right Arm"]={tm=.032999999999999974;cf=cfr(-.171,-.246,.591,-.158,-.662,.733,.655,.485,.579,-.739,.571,.357);es="Linear";ed="In";};["Head"]={tm=.032999999999999974;cf=cfr(0,0,.018,.932,-.341,-.127,.363,.854,.373,-.019,-.393,.919);es="Linear";ed="In";};["Right Leg"]={tm=.032999999999999974;cf=cfr(.344,.9,.176,.959,-.214,-.186,.182,.968,-.174,.218,.133,.967);es="Linear";ed="In";};["Left Arm"]={tm=.032999999999999974;cf=cfr(-.936,-.012,.248,-.038,.732,.68,-.418,-.63,.655,.908,-.259,.33);es="Linear";ed="In";};};{tm=.5;["HumanoidRootPart"]={tm=.03300000000000003;cf=cfr(0,0,0,1,0,0,0,1,0,0,0,1);es="Linear";ed="In";};["Torso"]={tm=.03300000000000003;cf=cfr(.013,-.018,-1.053,.932,.359,-.042,-.305,.719,-.625,-.194,.595,.78);es="Linear";ed="In";};["Left Leg"]={tm=.03300000000000003;cf=cfr(.067,1.264,.241,.595,.598,.537,-.572,.785,-.239,-.565,-.165,.809);es="Linear";ed="In";};["Right Arm"]={tm=.03300000000000003;cf=cfr(-.171,-.255,.59,-.176,-.653,.737,.644,.49,.587,-.744,.578,.334);es="Linear";ed="In";};["Head"]={tm=.03300000000000003;cf=cfr(0,0,.018,.938,-.327,-.116,.347,.871,.347,-.013,-.366,.931);es="Linear";ed="In";};["Right Leg"]={tm=.03300000000000003;cf=cfr(.337,.905,.172,.957,-.218,-.191,.187,.968,-.169,.222,.126,.967);es="Linear";ed="In";};["Left Arm"]={tm=.03300000000000003;cf=cfr(-.923,-.08,.244,-.071,.729,.681,-.42,-.641,.643,.905,-.24,.351);es="Linear";ed="In";};};{tm=.533;["HumanoidRootPart"]={tm=.03399999999999992;cf=cfr(0,0,0,1,0,0,0,1,0,0,0,1);es="Linear";ed="In";};["Torso"]={tm=.03399999999999992;cf=cfr(.01,-.046,-1.062,.933,.356,-.05,-.304,.706,-.639,-.192,.612,.768);es="Linear";ed="In";};["Left Leg"]={tm=.03399999999999992;cf=cfr(.097,1.25,.238,.583,.614,.532,-.582,.773,-.253,-.567,-.162,.808);es="Linear";ed="In";};["Right Arm"]={tm=.03399999999999992;cf=cfr(-.17,-.267,.588,-.194,-.644,.74,.635,.492,.595,-.748,.585,.314);es="Linear";ed="In";};["Head"]={tm=.03399999999999992;cf=cfr(0,0,.018,.945,-.311,-.1,.326,.896,.303,-.005,-.318,.948);es="Linear";ed="In";};["Right Leg"]={tm=.03399999999999992;cf=cfr(.321,.911,.167,.953,-.23,-.196,.2,.966,-.165,.228,.118,.967);es="Linear";ed="In";};["Left Arm"]={tm=.03399999999999992;cf=cfr(-.913,-.137,.239,-.107,.73,.675,-.426,-.647,.632,.898,-.22,.38);es="Linear";ed="In";};};{tm=.567;["HumanoidRootPart"]={tm=.03300000000000003;cf=cfr(0,0,0,1,0,0,0,1,0,0,0,1);es="Linear";ed="In";};["Torso"]={tm=.03300000000000003;cf=cfr(.009,-.072,-1.065,.934,.353,-.057,-.304,.7,-.646,-.188,.621,.761);es="Linear";ed="In";};["Left Leg"]={tm=.03300000000000003;cf=cfr(.117,1.233,.239,.578,.621,.529,-.583,.768,-.264,-.571,-.156,.806);es="Linear";ed="In";};["Right Arm"]={tm=.03300000000000003;cf=cfr(-.168,-.281,.586,-.211,-.637,.741,.627,.494,.603,-.75,.592,.295);es="Linear";ed="In";};["Head"]={tm=.03300000000000003;cf=cfr(0,0,.018,.953,-.288,-.09,.302,.92,.251,.01,-.266,.964);es="Linear";ed="In";};["Right Leg"]={tm=.03300000000000003;cf=cfr(.316,.919,.159,.951,-.229,-.207,.199,.968,-.154,.235,.105,.966);es="Linear";ed="In";};["Left Arm"]={tm=.03300000000000003;cf=cfr(-.91,-.163,.235,-.146,.738,.659,-.44,-.645,.625,.886,-.199,.419);es="Linear";ed="In";};};{tm=.6;["HumanoidRootPart"]={tm=.03300000000000003;cf=cfr(0,0,0,1,0,0,0,1,0,0,0,1);es="Linear";ed="In";};["Torso"]={tm=.03300000000000003;cf=cfr(.011,-.089,-1.058,.934,.351,-.062,-.308,.707,-.637,-.18,.614,.768);es="Linear";ed="In";};["Left Leg"]={tm=.03300000000000003;cf=cfr(.115,1.214,.246,.586,.61,.533,-.567,.779,-.268,-.579,-.145,.803);es="Linear";ed="In";};["Right Arm"]={tm=.03300000000000003;cf=cfr(-.165,-.296,.584,-.229,-.63,.742,.619,.494,.61,-.751,.599,.277);es="Linear";ed="In";};["Head"]={tm=.03300000000000003;cf=cfr(0,0,.018,.961,-.261,-.094,.275,.941,.199,.036,-.217,.976);es="Linear";ed="In";};["Right Leg"]={tm=.03300000000000003;cf=cfr(.333,.925,.147,.954,-.202,-.224,.175,.976,-.133,.245,.087,.966);es="Linear";ed="In";};["Left Arm"]={tm=.03300000000000003;cf=cfr(-.917,-.153,.232,-.185,.76,.623,-.462,-.627,.628,.867,-.172,.467);es="Linear";ed="In";};};{tm=.633;["HumanoidRootPart"]={tm=.03400000000000003;cf=cfr(0,0,0,1,0,0,0,1,0,0,0,1);es="Linear";ed="In";};["Torso"]={tm=.03400000000000003;cf=cfr(.014,-.103,-1.046,.934,.35,-.065,-.313,.719,-.62,-.171,.6,.782);es="Linear";ed="In";};["Left Leg"]={tm=.03400000000000003;cf=cfr(.102,1.193,.256,.601,.59,.54,-.541,.797,-.269,-.588,-.131,.798);es="Linear";ed="In";};["Right Arm"]={tm=.03400000000000003;cf=cfr(-.16,-.311,.582,-.247,-.624,.741,.612,.492,.618,-.751,.607,.26);es="Linear";ed="In";};["Head"]={tm=.03400000000000003;cf=cfr(0,0,.018,.967,-.232,-.108,.246,.959,.142,.07,-.163,.984);es="Linear";ed="In";};["Right Leg"]={tm=.03400000000000003;cf=cfr(.361,.931,.133,.956,-.161,-.245,.138,.985,-.105,.258,.066,.964);es="Linear";ed="In";};["Left Arm"]={tm=.03400000000000003;cf=cfr(-.93,-.127,.232,-.22,.795,.565,-.49,-.591,.641,.844,-.135,.52);es="Linear";ed="In";};};{tm=.667;["HumanoidRootPart"]={tm=.03299999999999992;cf=cfr(0,0,0,1,0,0,0,1,0,0,0,1);es="Linear";ed="In";};["Torso"]={tm=.03299999999999992;cf=cfr(.017,-.12,-1.034,.935,.349,-.07,-.318,.73,-.605,-.16,.588,.793);es="Linear";ed="In";};["Left Leg"]={tm=.03299999999999992;cf=cfr(.093,1.169,.265,.614,.571,.545,-.517,.813,-.27,-.597,-.116,.794);es="Linear";ed="In";};["Right Arm"]={tm=.03299999999999992;cf=cfr(-.154,-.327,.579,-.266,-.618,.74,.606,.489,.627,-.75,.615,.244);es="Linear";ed="In";};["Head"]={tm=.03299999999999992;cf=cfr(0,0,.018,.971,-.207,-.123,.217,.974,.073,.105,-.097,.99);es="Linear";ed="In";};["Right Leg"]={tm=.03299999999999992;cf=cfr(.375,.946,.117,.956,-.129,-.264,.112,.991,-.077,.271,.044,.961);es="Linear";ed="In";};["Left Arm"]={tm=.03299999999999992;cf=cfr(-.945,-.091,.233,-.249,.834,.492,-.521,-.543,.659,.817,-.092,.57);es="Linear";ed="In";};};{tm=.7;["HumanoidRootPart"]={tm=.03300000000000003;cf=cfr(0,0,0,1,0,0,0,1,0,0,0,1);es="Linear";ed="In";};["Torso"]={tm=.03300000000000003;cf=cfr(.019,-.144,-1.027,.936,.345,-.076,-.319,.737,-.596,-.15,.582,.799);es="Linear";ed="In";};["Left Leg"]={tm=.03300000000000003;cf=cfr(.091,1.145,.271,.624,.56,.545,-.499,.822,-.272,-.601,-.102,.793);es="Linear";ed="In";};["Right Arm"]={tm=.03300000000000003;cf=cfr(-.145,-.343,.575,-.287,-.612,.737,.6,.485,.637,-.747,.625,.228);es="Linear";ed="In";};["Head"]={tm=.03300000000000003;cf=cfr(0,0,.018,.973,-.19,-.134,.191,.982,-.008,.133,-.017,.991);es="Linear";ed="In";};["Right Leg"]={tm=.03300000000000003;cf=cfr(.359,.979,.098,.953,-.119,-.28,.108,.993,-.055,.284,.022,.958);es="Linear";ed="In";};["Left Arm"]={tm=.03300000000000003;cf=cfr(-.961,-.051,.236,-.27,.869,.414,-.552,-.492,.674,.789,-.047,.612);es="Linear";ed="In";};};{tm=.733;["HumanoidRootPart"]={tm=.03400000000000003;cf=cfr(0,0,0,1,0,0,0,1,0,0,0,1);es="Linear";ed="In";};["Torso"]={tm=.03400000000000003;cf=cfr(.021,-.172,-1.02,.938,.336,-.081,-.317,.742,-.591,-.138,.58,.803);es="Linear";ed="In";};["Left Leg"]={tm=.03400000000000003;cf=cfr(.088,1.121,.277,.636,.552,.539,-.487,.829,-.275,-.599,-.087,.796);es="Linear";ed="In";};["Right Arm"]={tm=.03400000000000003;cf=cfr(-.133,-.359,.571,-.31,-.606,.733,.593,.479,.647,-.743,.635,.211);es="Linear";ed="In";};["Head"]={tm=.03400000000000003;cf=cfr(0,0,.018,.973,-.185,-.137,.174,.98,-.092,.151,.066,.986);es="Linear";ed="In";};["Right Leg"]={tm=.03400000000000003;cf=cfr(.322,1.021,.075,.947,-.125,-.296,.119,.992,-.036,.298,-.001,.955);es="Linear";ed="In";};["Left Arm"]={tm=.03400000000000003;cf=cfr(-.974,-.015,.238,-.284,.895,.344,-.578,-.446,.683,.765,-.005,.644);es="Linear";ed="In";};};{tm=.767;["HumanoidRootPart"]={tm=.03300000000000003;cf=cfr(0,0,0,1,0,0,0,1,0,0,0,1);es="Linear";ed="In";};["Torso"]={tm=.03300000000000003;cf=cfr(.024,-.204,-1.014,.942,.325,-.087,-.312,.746,-.588,-.126,.581,.804);es="Linear";ed="In";};["Left Leg"]={tm=.03300000000000003;cf=cfr(.085,1.096,.281,.649,.548,.528,-.478,.833,-.277,-.592,-.072,.803);es="Linear";ed="In";};["Right Arm"]={tm=.03300000000000003;cf=cfr(-.119,-.373,.566,-.336,-.599,.727,.586,.471,.659,-.737,.647,.193);es="Linear";ed="In";};["Head"]={tm=.03300000000000003;cf=cfr(0,0,.018,.973,-.192,-.129,.168,.97,-.173,.158,.147,.976);es="Linear";ed="In";};["Right Leg"]={tm=.03300000000000003;cf=cfr(.272,1.062,.048,.94,-.142,-.31,.142,.99,-.021,.31,-.024,.95);es="Linear";ed="In";};["Left Arm"]={tm=.03300000000000003;cf=cfr(-.983,.012,.24,-.293,.91,.294,-.597,-.414,.687,.747,.026,.664);es="Linear";ed="In";};};{tm=.8;["HumanoidRootPart"]={tm=.03299999999999992;cf=cfr(0,0,0,1,0,0,0,1,0,0,0,1);es="Linear";ed="In";};["Torso"]={tm=.03299999999999992;cf=cfr(.027,-.237,-1.007,.945,.313,-.093,-.306,.75,-.586,-.114,.582,.805);es="Linear";ed="In";};["Left Leg"]={tm=.03299999999999992;cf=cfr(.081,1.069,.285,.662,.544,.515,-.471,.837,-.279,-.583,-.057,.811);es="Linear";ed="In";};["Right Arm"]={tm=.03299999999999992;cf=cfr(-.102,-.386,.56,-.364,-.592,.719,.579,.461,.673,-.73,.661,.175);es="Linear";ed="In";};["Head"]={tm=.03299999999999992;cf=cfr(0,0,.018,.972,-.203,-.114,.17,.954,-.248,.159,.221,.962);es="Linear";ed="In";};["Right Leg"]={tm=.03299999999999992;cf=cfr(.224,1.094,.022,.933,-.163,-.322,.17,.985,-.008,.318,-.047,.947);es="Linear";ed="In";};["Left Arm"]={tm=.03299999999999992;cf=cfr(-.986,.023,.242,-.299,.914,.275,-.604,-.405,.686,.739,.039,.673);es="Linear";ed="In";};};{tm=.833;["HumanoidRootPart"]={tm=.03400000000000003;cf=cfr(0,0,0,1,0,0,0,1,0,0,0,1);es="Linear";ed="In";};["Torso"]={tm=.03400000000000003;cf=cfr(.03,-.27,-.997,.949,.3,-.099,-.299,.754,-.584,-.101,.584,.806);es="Linear";ed="In";};["Left Leg"]={tm=.03400000000000003;cf=cfr(.075,1.041,.288,.676,.541,.501,-.464,.84,-.281,-.573,-.042,.819);es="Linear";ed="In";};["Right Arm"]={tm=.03400000000000003;cf=cfr(-.081,-.397,.553,-.397,-.584,.708,.569,.449,.689,-.72,.677,.154);es="Linear";ed="In";};["Head"]={tm=.03400000000000003;cf=cfr(0,0,.018,.972,-.214,-.099,.174,.933,-.315,.159,.289,.944);es="Linear";ed="In";};["Right Leg"]={tm=.03400000000000003;cf=cfr(.195,1.11,.001,.927,-.182,-.328,.193,.981,.003,.322,-.066,.945);es="Linear";ed="In";};["Left Arm"]={tm=.03400000000000003;cf=cfr(-.984,.026,.243,-.313,.907,.282,-.6,-.419,.681,.736,.044,.676);es="Linear";ed="In";};};{tm=.867;["HumanoidRootPart"]={tm=.03300000000000003;cf=cfr(0,0,0,1,0,0,0,1,0,0,0,1);es="Linear";ed="In";};["Torso"]={tm=.03300000000000003;cf=cfr(.033,-.302,-.982,.952,.288,-.104,-.293,.759,-.581,-.088,.584,.807);es="Linear";ed="In";};["Left Leg"]={tm=.03300000000000003;cf=cfr(.065,1.009,.293,.689,.535,.488,-.455,.844,-.283,-.563,-.027,.826);es="Linear";ed="In";};["Right Arm"]={tm=.03300000000000003;cf=cfr(-.057,-.405,.545,-.433,-.573,.695,.558,.435,.706,-.708,.694,.132);es="Linear";ed="In";};["Head"]={tm=.03300000000000003;cf=cfr(0,0,.018,.971,-.222,-.084,.176,.911,-.374,.16,.348,.924);es="Linear";ed="In";};["Right Leg"]={tm=.03300000000000003;cf=cfr(.212,1.098,-.004,.927,-.187,-.326,.202,.979,.012,.317,-.077,.945);es="Linear";ed="In";};["Left Arm"]={tm=.03300000000000003;cf=cfr(-.981,.032,.243,-.34,.891,.3,-.589,-.45,.671,.733,.052,.678);es="Linear";ed="In";};};{tm=.9;["HumanoidRootPart"]={tm=.03300000000000003;cf=cfr(0,0,0,1,0,0,0,1,0,0,0,1);es="Linear";ed="In";};["Torso"]={tm=.03300000000000003;cf=cfr(.036,-.332,-.959,.954,.278,-.11,-.289,.765,-.576,-.076,.581,.81);es="Linear";ed="In";};["Left Leg"]={tm=.03300000000000003;cf=cfr(.05,.972,.298,.703,.526,.478,-.443,.85,-.284,-.556,-.013,.831);es="Linear";ed="In";};["Right Arm"]={tm=.03300000000000003;cf=cfr(-.028,-.41,.536,-.474,-.561,.679,.545,.419,.726,-.692,.714,.107);es="Linear";ed="In";};["Head"]={tm=.03300000000000003;cf=cfr(0,0,.018,.971,-.228,-.072,.177,.888,-.424,.16,.399,.903);es="Linear";ed="In";};["Right Leg"]={tm=.03300000000000003;cf=cfr(.265,1.06,.001,.931,-.181,-.317,.198,.98,.022,.307,-.083,.948);es="Linear";ed="In";};["Left Arm"]={tm=.03300000000000003;cf=cfr(-.976,.041,.242,-.378,.867,.325,-.57,-.495,.656,.73,.063,.681);es="Linear";ed="In";};};{tm=.933;["HumanoidRootPart"]={tm=.03399999999999992;cf=cfr(0,0,0,1,0,0,0,1,0,0,0,1);es="Linear";ed="In";};["Torso"]={tm=.03399999999999992;cf=cfr(.038,-.357,-.938,.956,.271,-.116,-.288,.772,-.567,-.064,.575,.816);es="Linear";ed="In";};["Left Leg"]={tm=.03399999999999992;cf=cfr(.036,.937,.302,.717,.513,.473,-.427,.858,-.284,-.551,.002,.834);es="Linear";ed="In";};["Right Arm"]={tm=.03399999999999992;cf=cfr(.004,-.411,.526,-.52,-.545,.658,.528,.401,.749,-.672,.736,.079);es="Linear";ed="In";};["Head"]={tm=.03399999999999992;cf=cfr(0,0,.018,.971,-.23,-.062,.176,.867,-.466,.161,.442,.883);es="Linear";ed="In";};["Right Leg"]={tm=.03399999999999992;cf=cfr(.318,1.02,.001,.935,-.165,-.313,.186,.982,.038,.301,-.094,.949);es="Linear";ed="In";};["Left Arm"]={tm=.03399999999999992;cf=cfr(-.969,.051,.24,-.424,.832,.357,-.542,-.549,.636,.725,.076,.684);es="Linear";ed="In";};};{tm=.967;["HumanoidRootPart"]={tm=.03300000000000003;cf=cfr(0,0,0,1,0,0,0,1,0,0,0,1);es="Linear";ed="In";};["Torso"]={tm=.03300000000000003;cf=cfr(.042,-.371,-.905,.956,.267,-.12,-.288,.788,-.544,-.051,.555,.83);es="Linear";ed="In";};["Left Leg"]={tm=.03300000000000003;cf=cfr(.008,.898,.31,.736,.483,.475,-.395,.875,-.28,-.551,.019,.834);es="Linear";ed="In";};["Right Arm"]={tm=.03300000000000003;cf=cfr(.044,-.409,.502,-.571,-.525,.631,.507,.379,.774,-.646,.762,.05);es="Linear";ed="In";};["Head"]={tm=.03300000000000003;cf=cfr(0,0,.018,.972,-.228,-.058,.172,.855,-.489,.161,.465,.87);es="Linear";ed="In";};["Right Leg"]={tm=.03300000000000003;cf=cfr(.377,.989,-.005,.94,-.12,-.319,.149,.987,.067,.307,-.111,.945);es="Linear";ed="In";};["Left Arm"]={tm=.03300000000000003;cf=cfr(-.96,.062,.238,-.475,.787,.394,-.506,-.611,.609,.72,.09,.688);es="Linear";ed="In";};};{tm=1;["HumanoidRootPart"]={tm=.03299999999999992;cf=cfr(0,0,0,1,0,0,0,1,0,0,0,1);es="Linear";ed="In";};["Torso"]={tm=.03299999999999992;cf=cfr(.046,-.376,-.865,.956,.265,-.123,-.29,.807,-.514,-.037,.528,.849);es="Linear";ed="In";};["Left Leg"]={tm=.03299999999999992;cf=cfr(-.029,.853,.319,.756,.445,.48,-.354,.895,-.273,-.551,.036,.834);es="Linear";ed="In";};["Right Arm"]={tm=.03299999999999992;cf=cfr(.095,-.402,.448,-.63,-.504,.591,.484,.342,.806,-.608,.794,.028);es="Linear";ed="In";};["Head"]={tm=.03299999999999992;cf=cfr(0,0,.018,.972,-.226,-.058,.167,.849,-.502,.162,.478,.863);es="Linear";ed="In";};["Right Leg"]={tm=.03299999999999992;cf=cfr(.436,.963,-.013,.942,-.06,-.329,.099,.99,.103,.319,-.13,.939);es="Linear";ed="In";};["Left Arm"]={tm=.03299999999999992;cf=cfr(-.949,.072,.236,-.528,.731,.432,-.461,-.674,.577,.713,.105,.693);es="Linear";ed="In";};};{tm=1.033;["HumanoidRootPart"]={tm=.03400000000000003;cf=cfr(0,0,0,1,0,0,0,1,0,0,0,1);es="Linear";ed="In";};["Torso"]={tm=.03400000000000003;cf=cfr(.048,-.389,-.827,.957,.261,-.127,-.29,.819,-.496,-.025,.512,.859);es="Linear";ed="In";};["Left Leg"]={tm=.03400000000000003;cf=cfr(-.055,.807,.324,.77,.422,.48,-.328,.905,-.27,-.548,.05,.835);es="Linear";ed="In";};["Right Arm"]={tm=.03400000000000003;cf=cfr(.163,-.389,.36,-.697,-.479,.534,.459,.274,.845,-.552,.834,.029);es="Linear";ed="In";};["Head"]={tm=.03400000000000003;cf=cfr(0,0,.018,.973,-.224,-.051,.165,.837,-.522,.16,.5,.851);es="Linear";ed="In";};["Right Leg"]={tm=.03400000000000003;cf=cfr(.477,.933,-.018,.943,-.02,-.333,.067,.989,.131,.326,-.146,.934);es="Linear";ed="In";};["Left Arm"]={tm=.03400000000000003;cf=cfr(-.936,.082,.233,-.58,.665,.47,-.409,-.737,.538,.705,.12,.699);es="Linear";ed="In";};};{tm=1.067;["HumanoidRootPart"]={tm=.03300000000000014;cf=cfr(0,0,0,1,0,0,0,1,0,0,0,1);es="Linear";ed="In";};["Torso"]={tm=.03300000000000014;cf=cfr(.05,-.406,-.79,.957,.257,-.132,-.288,.824,-.488,-.016,.505,.863);es="Linear";ed="In";};["Left Leg"]={tm=.03300000000000014;cf=cfr(-.073,.761,.324,.779,.41,.475,-.315,.91,-.269,-.542,.06,.838);es="Linear";ed="In";};["Right Arm"]={tm=.03300000000000014;cf=cfr(.249,-.369,.234,-.772,-.448,.451,.427,.161,.89,-.471,.879,.067);es="Linear";ed="In";};["Head"]={tm=.03300000000000014;cf=cfr(0,0,.018,.974,-.221,-.041,.164,.82,-.548,.155,.527,.835);es="Linear";ed="In";};["Right Leg"]={tm=.03300000000000014;cf=cfr(.505,.901,-.023,.944,.002,-.331,.051,.987,.152,.327,-.161,.931);es="Linear";ed="In";};["Left Arm"]={tm=.03300000000000014;cf=cfr(-.922,.091,.231,-.628,.592,.505,-.351,-.795,.495,.695,.133,.707);es="Linear";ed="In";};};{tm=1.1;["HumanoidRootPart"]={tm=.03299999999999992;cf=cfr(0,0,0,1,0,0,0,1,0,0,0,1);es="Linear";ed="In";};["Torso"]={tm=.03299999999999992;cf=cfr(.051,-.421,-.751,.958,.252,-.136,-.287,.829,-.481,-.008,.5,.866);es="Linear";ed="In";};["Left Leg"]={tm=.03299999999999992;cf=cfr(-.089,.713,.323,.786,.403,.469,-.308,.913,-.269,-.536,.067,.841);es="Linear";ed="In";};["Right Arm"]={tm=.03299999999999992;cf=cfr(.339,-.367,.067,-.843,-.336,.42,.462,-.052,.885,-.275,.941,.199);es="Linear";ed="In";};["Head"]={tm=.03299999999999992;cf=cfr(0,0,.018,.975,-.219,-.029,.163,.804,-.572,.148,.553,.82);es="Linear";ed="In";};["Right Leg"]={tm=.03299999999999992;cf=cfr(.529,.866,-.028,.945,.017,-.325,.04,.985,.17,.323,-.174,.93);es="Linear";ed="In";};["Left Arm"]={tm=.03299999999999992;cf=cfr(-.907,.097,.229,-.669,.514,.537,-.29,-.846,.448,.684,.144,.715);es="Linear";ed="In";};};{tm=1.133;["HumanoidRootPart"]={tm=.03400000000000003;cf=cfr(0,0,0,1,0,0,0,1,0,0,0,1);es="Linear";ed="In";};["Torso"]={tm=.03400000000000003;cf=cfr(.053,-.428,-.706,.959,.249,-.139,-.285,.836,-.468,-.001,.488,.873);es="Linear";ed="In";};["Left Leg"]={tm=.03400000000000003;cf=cfr(-.111,.663,.32,.795,.39,.465,-.295,.918,-.266,-.531,.074,.844);es="Linear";ed="In";};["Right Arm"]={tm=.03400000000000003;cf=cfr(.418,-.395,-.099,-.847,-.136,.515,.526,-.363,.769,.082,.922,.379);es="Linear";ed="In";};["Head"]={tm=.03400000000000003;cf=cfr(0,0,.018,.976,-.215,-.019,.163,.792,-.588,.141,.571,.809);es="Linear";ed="In";};["Right Leg"]={tm=.03400000000000003;cf=cfr(.555,.825,-.033,.948,.036,-.315,.026,.982,.189,.316,-.187,.93);es="Linear";ed="In";};["Left Arm"]={tm=.03400000000000003;cf=cfr(-.891,.1,.228,-.703,.435,.562,-.229,-.887,.4,.673,.153,.724);es="Linear";ed="In";};};{tm=1.167;["HumanoidRootPart"]={tm=.03299999999999992;cf=cfr(0,0,0,1,0,0,0,1,0,0,0,1);es="Linear";ed="In";};["Torso"]={tm=.03299999999999992;cf=cfr(.056,-.418,-.652,.959,.248,-.138,-.284,.852,-.441,.009,.462,.887);es="Linear";ed="In";};["Left Leg"]={tm=.03299999999999992;cf=cfr(-.141,.607,.318,.807,.361,.468,-.267,.929,-.257,-.528,.083,.846);es="Linear";ed="In";};["Right Arm"]={tm=.03299999999999992;cf=cfr(.496,-.445,-.223,-.745,.025,.666,.496,-.648,.579,.446,.761,.47);es="Linear";ed="In";};["Head"]={tm=.03299999999999992;cf=cfr(0,0,.018,.977,-.211,-.014,.163,.793,-.588,.135,.572,.809);es="Linear";ed="In";};["Right Leg"]={tm=.03299999999999992;cf=cfr(.588,.774,-.037,.952,.067,-.3,-.003,.977,.211,.307,-.2,.93);es="Linear";ed="In";};["Left Arm"]={tm=.03299999999999992;cf=cfr(-.876,.101,.227,-.73,.359,.582,-.172,-.92,.353,.662,.157,.733);es="Linear";ed="In";};};{tm=1.2;["HumanoidRootPart"]={tm=.03300000000000014;cf=cfr(0,0,0,1,0,0,0,1,0,0,0,1);es="Linear";ed="In";};["Torso"]={tm=.03300000000000014;cf=cfr(.06,-.388,-.589,.959,.25,-.134,-.283,.875,-.392,.02,.414,.91);es="Linear";ed="In";};["Left Leg"]={tm=.03300000000000014;cf=cfr(-.182,.543,.317,.822,.31,.478,-.217,.946,-.24,-.527,.093,.845);es="Linear";ed="In";};["Right Arm"]={tm=.03300000000000014;cf=cfr(.568,-.501,-.301,-.62,.092,.779,.408,-.81,.421,.67,.579,.464);es="Linear";ed="In";};["Head"]={tm=.03300000000000014;cf=cfr(0,0,.018,.978,-.207,-.017,.161,.807,-.568,.131,.552,.823);es="Linear";ed="In";};["Right Leg"]={tm=.03300000000000014;cf=cfr(.629,.708,-.042,.953,.119,-.28,-.051,.97,.239,.3,-.214,.93);es="Linear";ed="In";};["Left Arm"]={tm=.03300000000000014;cf=cfr(-.863,.099,.227,-.749,.291,.596,-.121,-.944,.308,.652,.159,.742);es="Linear";ed="In";};};{tm=1.233;["HumanoidRootPart"]={tm=.03399999999999981;cf=cfr(0,0,0,1,0,0,0,1,0,0,0,1);es="Linear";ed="In";};["Torso"]={tm=.03399999999999981;cf=cfr(.067,-.341,-.522,.959,.253,-.128,-.282,.901,-.329,.032,.351,.936);es="Linear";ed="In";};["Left Leg"]={tm=.03399999999999981;cf=cfr(-.222,.472,.314,.835,.245,.493,-.155,.964,-.216,-.529,.104,.843);es="Linear";ed="In";};["Right Arm"]={tm=.03399999999999981;cf=cfr(.609,-.529,-.33,-.564,.105,.819,.364,-.859,.361,.741,.502,.446);es="Linear";ed="In";};["Head"]={tm=.03399999999999981;cf=cfr(0,0,.018,.979,-.203,-.024,.16,.831,-.534,.128,.519,.845);es="Linear";ed="In";};["Right Leg"]={tm=.03399999999999981;cf=cfr(.666,.631,-.045,.951,.178,-.254,-.108,.957,.268,.291,-.227,.93);es="Linear";ed="In";};["Left Arm"]={tm=.03399999999999981;cf=cfr(-.851,.094,.227,-.762,.233,.605,-.08,-.96,.269,.643,.156,.75);es="Linear";ed="In";};};{tm=1.267;["HumanoidRootPart"]={tm=.03300000000000014;cf=cfr(0,0,0,1,0,0,0,1,0,0,0,1);es="Linear";ed="In";};["Torso"]={tm=.03300000000000014;cf=cfr(.072,-.289,-.457,.959,.257,-.119,-.28,.923,-.263,.042,.286,.957);es="Linear";ed="In";};["Left Leg"]={tm=.03300000000000014;cf=cfr(-.25,.396,.307,.842,.18,.509,-.095,.977,-.19,-.532,.111,.839);es="Linear";ed="In";};["Right Arm"]={tm=.03300000000000014;cf=cfr(.625,-.529,-.327,-.565,.106,.818,.366,-.857,.363,.74,.505,.445);es="Linear";ed="In";};["Head"]={tm=.03300000000000014;cf=cfr(0,0,.018,.98,-.198,-.03,.158,.854,-.495,.124,.481,.868);es="Linear";ed="In";};["Right Leg"]={tm=.03300000000000014;cf=cfr(.688,.55,-.047,.946,.233,-.226,-.163,.943,.29,.28,-.238,.93);es="Linear";ed="In";};["Left Arm"]={tm=.03300000000000014;cf=cfr(-.842,.081,.227,-.77,.186,.61,-.048,-.971,.235,.636,.151,.757);es="Linear";ed="In";};};{tm=1.3;["HumanoidRootPart"]={tm=.03299999999999992;cf=cfr(0,0,0,1,0,0,0,1,0,0,0,1);es="Linear";ed="In";};["Torso"]={tm=.03299999999999992;cf=cfr(.074,-.245,-.397,.959,.26,-.112,-.278,.938,-.208,.051,.23,.972);es="Linear";ed="In";};["Left Leg"]={tm=.03299999999999992;cf=cfr(-.258,.324,.294,.842,.131,.523,-.05,.985,-.166,-.537,.113,.836);es="Linear";ed="In";};["Right Arm"]={tm=.03299999999999992;cf=cfr(.64,-.529,-.317,-.566,.108,.818,.371,-.852,.369,.736,.512,.442);es="Linear";ed="In";};["Head"]={tm=.03299999999999992;cf=cfr(0,0,.018,.981,-.192,-.033,.155,.872,-.464,.117,.45,.885);es="Linear";ed="In";};["Right Leg"]={tm=.03299999999999992;cf=cfr(.686,.476,-.048,.942,.269,-.2,-.202,.931,.304,.268,-.246,.932);es="Linear";ed="In";};["Left Arm"]={tm=.03299999999999992;cf=cfr(-.835,.055,.227,-.776,.147,.613,-.023,-.978,.206,.63,.145,.763);es="Linear";ed="In";};};{tm=1.333;["HumanoidRootPart"]={tm=.03400000000000003;cf=cfr(0,0,0,1,0,0,0,1,0,0,0,1);es="Linear";ed="In";};["Torso"]={tm=.03400000000000003;cf=cfr(.072,-.221,-.342,.959,.261,-.108,-.277,.945,-.177,.056,.199,.978);es="Linear";ed="In";};["Left Leg"]={tm=.03400000000000003;cf=cfr(-.245,.261,.275,.84,.113,.531,-.037,.988,-.151,-.542,.107,.834);es="Linear";ed="In";};["Right Arm"]={tm=.03400000000000003;cf=cfr(.652,-.529,-.302,-.567,.111,.816,.38,-.844,.378,.731,.524,.437);es="Linear";ed="In";};["Head"]={tm=.03400000000000003;cf=cfr(0,0,.018,.983,-.184,-.027,.152,.879,-.453,.107,.441,.891);es="Linear";ed="In";};["Right Leg"]={tm=.03400000000000003;cf=cfr(.66,.417,-.049,.945,.274,-.181,-.211,.929,.305,.251,-.25,.935);es="Linear";ed="In";};["Left Arm"]={tm=.03400000000000003;cf=cfr(-.83,.019,.225,-.78,.116,.615,-.003,-.984,.181,.625,.139,.768);es="Linear";ed="In";};};{tm=1.367;["HumanoidRootPart"]={tm=.03299999999999992;cf=cfr(0,0,0,1,0,0,0,1,0,0,0,1);es="Linear";ed="In";};["Torso"]={tm=.03299999999999992;cf=cfr(.065,-.215,-.293,.96,.26,-.107,-.275,.946,-.17,.057,.192,.98);es="Linear";ed="In";};["Left Leg"]={tm=.03299999999999992;cf=cfr(-.217,.21,.251,.836,.124,.535,-.053,.988,-.147,-.547,.094,.832);es="Linear";ed="In";};["Right Arm"]={tm=.03299999999999992;cf=cfr(.662,-.529,-.282,-.569,.115,.814,.391,-.834,.39,.724,.54,.43);es="Linear";ed="In";};["Head"]={tm=.03299999999999992;cf=cfr(0,0,.018,.984,-.175,-.015,.148,.875,-.461,.094,.451,.888);es="Linear";ed="In";};["Right Leg"]={tm=.03299999999999992;cf=cfr(.615,.377,-.05,.953,.251,-.17,-.193,.935,.298,.234,-.251,.939);es="Linear";ed="In";};["Left Arm"]={tm=.03299999999999992;cf=cfr(-.827,-.025,.222,-.783,.09,.615,.011,-.987,.159,.622,.132,.772);es="Linear";ed="In";};};{tm=1.4;["HumanoidRootPart"]={tm=.03300000000000014;cf=cfr(0,0,0,1,0,0,0,1,0,0,0,1);es="Linear";ed="In";};["Torso"]={tm=.03300000000000014;cf=cfr(.057,-.215,-.26,.96,.259,-.106,-.275,.947,-.169,.057,.191,.98);es="Linear";ed="In";};["Left Leg"]={tm=.03300000000000014;cf=cfr(-.192,.176,.234,.831,.138,.538,-.071,.987,-.145,-.551,.082,.83);es="Linear";ed="In";};["Right Arm"]={tm=.03300000000000014;cf=cfr(.671,-.528,-.258,-.571,.119,.812,.403,-.821,.404,.715,.559,.421);es="Linear";ed="In";};["Head"]={tm=.03300000000000014;cf=cfr(0,0,.018,.986,-.164,-.003,.143,.87,-.472,.08,.466,.881);es="Linear";ed="In";};["Right Leg"]={tm=.03300000000000014;cf=cfr(.575,.35,-.048,.959,.228,-.17,-.173,.942,.289,.226,-.247,.942);es="Linear";ed="In";};["Left Arm"]={tm=.03300000000000014;cf=cfr(-.825,-.077,.218,-.785,.071,.615,.022,-.99,.142,.619,.125,.776);es="Linear";ed="In";};};{tm=1.433;["HumanoidRootPart"]={tm=.03400000000000003;cf=cfr(0,0,0,1,0,0,0,1,0,0,0,1);es="Linear";ed="In";};["Torso"]={tm=.03400000000000003;cf=cfr(.048,-.209,-.232,.96,.259,-.105,-.274,.948,-.162,.058,.184,.981);es="Linear";ed="In";};["Left Leg"]={tm=.03400000000000003;cf=cfr(-.169,.145,.218,.827,.144,.544,-.08,.987,-.139,-.557,.072,.828);es="Linear";ed="In";};["Right Arm"]={tm=.03400000000000003;cf=cfr(.678,-.528,-.232,-.574,.124,.809,.417,-.806,.42,.704,.579,.411);es="Linear";ed="In";};["Head"]={tm=.03400000000000003;cf=cfr(0,0,.018,.988,-.153,.007,.137,.868,-.477,.067,.473,.879);es="Linear";ed="In";};["Right Leg"]={tm=.03400000000000003;cf=cfr(.537,.325,-.046,.961,.215,-.172,-.161,.946,.282,.223,-.244,.944);es="Linear";ed="In";};["Left Arm"]={tm=.03400000000000003;cf=cfr(-.824,-.133,.214,-.787,.057,.614,.029,-.991,.128,.616,.118,.778);es="Linear";ed="In";};};{tm=1.467;["HumanoidRootPart"]={tm=.03299999999999992;cf=cfr(0,0,0,1,0,0,0,1,0,0,0,1);es="Linear";ed="In";};["Torso"]={tm=.03299999999999992;cf=cfr(.042,-.182,-.211,.96,.261,-.101,-.272,.954,-.127,.063,.149,.987);es="Linear";ed="In";};["Left Leg"]={tm=.03299999999999992;cf=cfr(-.156,.118,.209,.823,.113,.557,-.054,.991,-.121,-.565,.069,.822);es="Linear";ed="In";};["Right Arm"]={tm=.03299999999999992;cf=cfr(.684,-.528,-.203,-.577,.129,.806,.432,-.789,.436,.693,.6,.4);es="Linear";ed="In";};["Head"]={tm=.03299999999999992;cf=cfr(0,0,.018,.99,-.142,.007,.129,.88,-.457,.058,.453,.889);es="Linear";ed="In";};["Right Leg"]={tm=.03299999999999992;cf=cfr(.513,.298,-.042,.955,.239,-.174,-.183,.941,.286,.232,-.241,.942);es="Linear";ed="In";};["Left Arm"]={tm=.03299999999999992;cf=cfr(-.824,-.194,.209,-.788,.046,.613,.033,-.993,.117,.614,.113,.781);es="Linear";ed="In";};};{tm=1.5;["HumanoidRootPart"]={tm=.03299999999999992;cf=cfr(0,0,0,1,0,0,0,1,0,0,0,1);es="Linear";ed="In";};["Torso"]={tm=.03299999999999992;cf=cfr(.036,-.142,-.196,.96,.263,-.094,-.27,.96,-.076,.07,.099,.993);es="Linear";ed="In";};["Left Leg"]={tm=.03299999999999992;cf=cfr(-.146,.094,.203,.818,.062,.572,-.01,.996,-.094,-.576,.071,.815);es="Linear";ed="In";};["Right Arm"]={tm=.03299999999999992;cf=cfr(.688,-.527,-.172,-.581,.135,.803,.448,-.771,.453,.68,.623,.387);es="Linear";ed="In";};["Head"]={tm=.03299999999999992;cf=cfr(0,0,.018,.991,-.131,.003,.12,.899,-.421,.052,.418,.907);es="Linear";ed="In";};["Right Leg"]={tm=.03299999999999992;cf=cfr(.493,.27,-.037,.943,.282,-.177,-.222,.929,.296,.247,-.24,.939);es="Linear";ed="In";};["Left Arm"]={tm=.03299999999999992;cf=cfr(-.825,-.256,.204,-.79,.04,.612,.035,-.993,.109,.612,.108,.783);es="Linear";ed="In";};};{tm=1.533;["HumanoidRootPart"]={tm=.03400000000000003;cf=cfr(0,0,0,1,0,0,0,1,0,0,0,1);es="Linear";ed="In";};["Torso"]={tm=.03400000000000003;cf=cfr(.027,-.121,-.187,.96,.264,-.091,-.269,.962,-.05,.074,.073,.995);es="Linear";ed="In";};["Left Leg"]={tm=.03400000000000003;cf=cfr(-.135,.08,.199,.812,.037,.582,.01,.997,-.078,-.583,.069,.81);es="Linear";ed="In";};["Right Arm"]={tm=.03400000000000003;cf=cfr(.691,-.526,-.142,-.584,.14,.8,.463,-.752,.47,.667,.644,.374);es="Linear";ed="In";};["Head"]={tm=.03400000000000003;cf=cfr(0,0,.018,.993,-.119,.005,.111,.907,-.406,.044,.404,.914);es="Lin