-- // converted using mech's animoduler
local cfr = CFrame.new

return {{tm=0;["LowerTorso"]={tm=.017;cf=cfr(0,0,0,1,0,0,0,1,0,0,0,1);es="Linear";ed="In";};["UpperTorso"]={tm=.017;cf=cfr(0,0,0,1,0,0,0,1,0,0,0,1);es="Linear";ed="In";};["Head"]={tm=0;cf=cfr(0,0,0,1,0,0,0,1,0,0,0,1);es="Linear";ed="In";};["RightUpperArm"]={tm=.017;cf=cfr(0,0,0,1,0,0,0,1,0,0,0,1);es="Linear";ed="In";};["RightLowerArm"]={tm=.017;cf=cfr(0,0,0,1,0,0,0,1,0,0,0,1);es="Linear";ed="In";};["RightHand"]={tm=.017;cf=cfr(0,0,0,1,0,0,0,1,0,0,0,1);es="Linear";ed="In";};["LeftUpperArm"]={tm=.017;cf=cfr(0,0,0,1,0,0,0,1,0,0,0,1);es="Linear";ed="In";};["LeftLowerArm"]={tm=.017;cf=cfr(0,0,0,1,0,0,0,1,0,0,0,1);es="Linear";ed="In";};["LeftHand"]={tm=.017;cf=cfr(0,0,0,1,0,0,0,1,0,0,0,1);es="Linear";ed="In";};["LeftUpperLeg"]={tm=.017;cf=cfr(0,0,0,1,0,0,0,1,0,0,0,1);es="Linear";ed="In";};["LeftLowerLeg"]={tm=.017;cf=cfr(0,0,0,1,0,0,0,1,0,0,0,1);es="Linear";ed="In";};["LeftFoot"]={tm=.017;cf=cfr(0,0,0,1,0,0,0,1,0,0,0,1);es="Linear";ed="In";};["RightUpperLeg"]={tm=.017;cf=cfr(0,0,0,1,0,0,0,1,0,0,0,1);es="Linear";ed="In";};["RightLowerLeg"]={tm=.017;cf=cfr(0,0,0,1,0,0,0,1,0,0,0,1);es="Linear";ed="In";};["RightFoot"]={tm=.017;cf=cfr(0,0,0,1,0,0,0,1,0,0,0,1);es="Linear";ed="In";};["Torso"]={tm=.017;cf=cfr(0,0,0,1,0,0,0,1,0,0,0,1);es="Linear";ed="In";};["Right Arm"]={tm=.017;cf=cfr(0,0,0,1,0,0,0,1,0,0,0,1);es="Linear";ed="In";};["Head"]={tm=0;cf=cfr(0,0,0,1,0,0,0,1,0,0,0,1);es="Linear";ed="In";};["Right Leg"]={tm=.017;cf=cfr(0,0,0,1,0,0,0,1,0,0,0,1);es="Linear";ed="In";};["Left Leg"]={tm=.017;cf=cfr(0,0,0,1,0,0,0,1,0,0,0,1);es="Linear";ed="In";};["Left Arm"]={tm=.017;cf=cfr(0,0,0,1,0,0,0,1,0,0,0,1);es="Linear";ed="In";};};{tm=.017;["LowerTorso"]={tm=.033;cf=cfr(-.028,-.165,.09,.943,.221,.248,-.207,.975,-.081,-.259,.025,.965);es="Linear";ed="In";};["UpperTorso"]={tm=.033;cf=cfr(0,0,0,1,0,0,0,1,0,0,0,1);es="Linear";ed="In";};["Head"]={tm=0;cf=cfr(0,0,0,.638,-.373,-.674,.195,.924,-.328,.745,.078,.662);es="Linear";ed="In";};["RightUpperArm"]={tm=.033;cf=cfr(.032,-.701,.234,.813,.44,-.382,-.226,-.366,-.903,-.537,.82,-.198);es="Linear";ed="In";};["RightLowerArm"]={tm=.033;cf=cfr(0,0,0,1,0,0,0,1,0,0,0,1);es="Linear";ed="In";};["RightHand"]={tm=.033;cf=cfr(0,0,0,1,0,0,0,1,0,0,0,1);es="Linear";ed="In";};["LeftUpperArm"]={tm=.033;cf=cfr(-.02,-.243,.036,.878,-.429,-.212,0,.444,-.896,.479,.787,.39);es="Linear";ed="In";};["LeftLowerArm"]={tm=.033;cf=cfr(0,0,0,1,0,0,0,1,0,0,0,1);es="Linear";ed="In";};["LeftHand"]={tm=.033;cf=cfr(0,0,0,1,0,0,0,1,0,0,0,1);es="Linear";ed="In";};["LeftUpperLeg"]={tm=.033;cf=cfr(-.048,.047,-.309,.995,-.09,-.031,.094,.978,.189,.014,-.191,.982);es="Linear";ed="In";};["LeftLowerLeg"]={tm=.033;cf=cfr(0,0,0,1,0,0,0,1,0,0,0,1);es="Linear";ed="In";};["LeftFoot"]={tm=.033;cf=cfr(0,0,0,1,0,0,0,1,0,0,0,1);es="Linear";ed="In";};["RightUpperLeg"]={tm=.033;cf=cfr(-.057,.164,-.234,.963,-.1,-.251,.197,.895,.401,.185,-.436,.881);es="Linear";ed="In";};["RightLowerLeg"]={tm=.033;cf=cfr(0,0,0,1,0,0,0,1,0,0,0,1);es="Linear";ed="In";};["RightFoot"]={tm=.033;cf=cfr(0,0,0,1,0,0,0,1,0,0,0,1);es="Linear";ed="In";};["Torso"]={tm=.033;cf=cfr(-.193,.114,-.19,.943,-.248,-.221,.259,.965,.025,.207,-.081,.975);es="Linear";ed="In";};["Right Arm"]={tm=.033;cf=cfr(-.018,-.342,-.083,-.198,-.82,.537,.903,-.366,-.226,.382,.44,.813);es="Linear";ed="In";};["Head"]={tm=0;cf=cfr(0,0,0,.638,.674,.373,-.745,.662,.078,-.195,-.328,.924);es="Linear";ed="In";};["Right Leg"]={tm=.033;cf=cfr(.141,.263,-.075,.881,.436,-.185,-.401,.895,.197,.251,-.1,.963);es="Linear";ed="In";};["Left Leg"]={tm=.033;cf=cfr(-.316,0,.046,.982,-.191,-.014,.189,.978,-.094,.031,.09,.995);es="Linear";ed="In";};["Left Arm"]={tm=.033;cf=cfr(-.171,-.096,-.093,.39,.787,-.479,-.896,.444,0,.212,.429,.878);es="Linear";ed="In";};};{tm=.05;["LowerTorso"]={tm=.05;cf=cfr(2.111,-.588,1.152,.671,.687,.278,-.617,.726,-.304,-.411,.033,.911);es="Linear";ed="In";};["UpperTorso"]={tm=.05;cf=cfr(0,0,0,1,0,0,0,1,0,0,0,1);es="Linear";ed="In";};["Head"]={tm=0;cf=cfr(0,0,0,.401,-.69,-.602,.783,.6,-.165,.475,-.405,.781);es="Linear";ed="In";};["RightUpperArm"]={tm=.05;cf=cfr(-.268,-.473,-.139,.671,.7,.245,.053,.285,-.957,-.739,.655,.154);es="Linear";ed="In";};["RightLowerArm"]={tm=.05;cf=cfr(0,0,0,1,0,0,0,1,0,0,0,1);es="Linear";ed="In";};["RightHand"]={tm=.05;cf=cfr(0,0,0,1,0,0,0,1,0,0,0,1);es="Linear";ed="In";};["LeftUpperArm"]={tm=.05;cf=cfr(.104,-.328,-.146,.96,.263,-.094,-.265,.756,-.598,-.087,.599,.796);es="Linear";ed="In";};["LeftLowerArm"]={tm=.05;cf=cfr(0,0,0,1,0,0,0,1,0,0,0,1);es="Linear";ed="In";};["LeftHand"]={tm=.05;cf=cfr(0,0,0,1,0,0,0,1,0,0,0,1);es="Linear";ed="In";};["LeftUpperLeg"]={tm=.05;cf=cfr(-.054,-.025,-.836,.892,.132,.432,-.051,.98,-.194,-.449,.151,.881);es="Linear";ed="In";};["LeftLowerLeg"]={tm=.05;cf=cfr(0,0,0,1,0,0,0,1,0,0,0,1);es="Linear";ed="In";};["LeftFoot"]={tm=.05;cf=cfr(0,0,0,1,0,0,0,1,0,0,0,1);es="Linear";ed="In";};["RightUpperLeg"]={tm=.05;cf=cfr(.128,.265,-.991,.998,-.062,0,.062,.998,0,0,0,1);es="Linear";ed="In";};["RightLowerLeg"]={tm=.05;cf=cfr(0,0,0,1,0,0,0,1,0,0,0,1);es="Linear";ed="In";};["RightFoot"]={tm=.05;cf=cfr(0,0,0,1,0,0,0,1,0,0,0,1);es="Linear";ed="In";};["Torso"]={tm=.05;cf=cfr(-2.798,1.185,-.862,.671,-.278,-.687,.411,.911,.033,.617,-.304,.726);es="Linear";ed="In";};["Right Arm"]={tm=.05;cf=cfr(.312,-.285,-.452,.154,-.655,.739,.957,.285,.053,-.245,.7,.671);es="Linear";ed="In";};["Head"]={tm=0;cf=cfr(0,0,0,.401,.602,.69,-.475,.781,-.405,-.783,-.165,.6);es="Linear";ed="In";};["Right Leg"]={tm=.05;cf=cfr(.991,.296,.127,1,0,0,0,.998,.062,0,-.062,.998);es="Linear";ed="In";};["Left Leg"]={tm=.05;cf=cfr(-.612,0,0,.881,.151,.449,-.194,.98,.051,-.432,-.132,.892);es="Linear";ed="In";};["Left Arm"]={tm=.05;cf=cfr(-.304,-.264,-.035,.796,.599,.087,-.598,.756,.265,.094,-.263,.96);es="Linear";ed="In";};};{tm=.1;["LowerTorso"]={tm=.0499;cf=cfr(3.072,-.812,1.343,.795,.606,-.021,-.593,.77,-.236,-.127,.2,.972);es="Linear";ed="In";};["UpperTorso"]={tm=.0499;cf=cfr(0,0,0,1,0,0,0,1,0,0,0,1);es="Linear";ed="In";};["Head"]={tm=0;cf=cfr(0,0,0,.551,-.149,-.821,.366,.927,.078,.75,-.343,.566);es="Linear";ed="In";};["RightUpperArm"]={tm=.0499;cf=cfr(-.119,-.169,-.082,.718,.533,.447,.439,.152,-.886,-.54,.832,-.125);es="Linear";ed="In";};["RightLowerArm"]={tm=.0499;cf=cfr(0,0,0,1,0,0,0,1,0,0,0,1);es="Linear";ed="In";};["RightHand"]={tm=.0499;cf=cfr(0,0,0,1,0,0,0,1,0,0,0,1);es="Linear";ed="In";};["LeftUpperArm"]={tm=.0499;cf=cfr(.148,-.423,-.09,.883,.431,-.186,-.37,.395,-.841,-.289,.812,.508);es="Linear";ed="In";};["LeftLowerArm"]={tm=.0499;cf=cfr(0,0,0,1,0,0,0,1,0,0,0,1);es="Linear";ed="In";};["LeftHand"]={tm=.0499;cf=cfr(0,0,0,1,0,0,0,1,0,0,0,1);es="Linear";ed="In";};["LeftUpperLeg"]={tm=.0499;cf=cfr(-.252,.402,-1.238,.857,.249,.452,-.315,.946,.077,-.408,-.209,.889);es="Linear";ed="In";};["LeftLowerLeg"]={tm=.0499;cf=cfr(0,0,0,1,0,0,0,1,0,0,0,1);es="Linear";ed="In";};["LeftFoot"]={tm=.0499;cf=cfr(0,0,0,1,0,0,0,1,0,0,0,1);es="Linear";ed="In";};["RightUpperLeg"]={tm=.0499;cf=cfr(.132,1.053,-1.076,.836,-.525,-.158,.521,.851,-.07,.172,-.024,.985);es="Linear";ed="In";};["RightLowerLeg"]={tm=.0499;cf=cfr(0,0,0,1,0,0,0,1,0,0,0,1);es="Linear";ed="In";};["RightFoot"]={tm=.0499;cf=cfr(0,0,0,1,0,0,0,1,0,0,0,1);es="Linear";ed="In";};["Torso"]={tm=.0499;cf=cfr(-3.678,1.543,-1.042,.795,.021,-.606,.127,.972,.2,.593,-.236,.77);es="Linear";ed="In";};["Right Arm"]={tm=.0499;cf=cfr(.301,.054,-.259,-.125,-.832,.54,.886,.152,.439,-.447,.533,.718);es="Linear";ed="In";};["Head"]={tm=0;cf=cfr(0,0,0,.551,.821,.149,-.75,.566,-.343,-.366,.078,.927);es="Linear";ed="In";};["Right Leg"]={tm=.0499;cf=cfr(.991,1.313,.05,.985,.024,-.172,.07,.851,.521,.158,-.525,.836);es="Linear";ed="In";};["Left Leg"]={tm=.0499;cf=cfr(-1.034,.56,.181,.889,-.209,.408,.077,.946,.315,-.452,-.249,.857);es="Linear";ed="In";};["Left Arm"]={tm=.0499;cf=cfr(-.304,-.264,-.035,.508,.812,.289,-.841,.395,.37,.186,-.431,.883);es="Linear";ed="In";};};{tm=.15;["LowerTorso"]={tm=.0500;cf=cfr(4.222,-.655,1.854,.878,.44,-.191,-.452,.892,-.025,.16,.108,.981);es="Linear";ed="In";};["UpperTorso"]={tm=.0500;cf=cfr(0,0,0,1,0,0,0,1,0,0,0,1);es="Linear";ed="In";};["Head"]={tm=0;cf=cfr(0,0,0,.387,.131,-.913,-.131,.988,.086,.913,.087,.399);es="Linear";ed="In";};["RightUpperArm"]={tm=.0500;cf=cfr(.041,-.573,-.354,.586,.33,.74,.642,.368,-.673,-.495,.869,.004);es="Linear";ed="In";};["RightLowerArm"]={tm=.0500;cf=cfr(0,0,0,1,0,0,0,1,0,0,0,1);es="Linear";ed="In";};["RightHand"]={tm=.0500;cf=cfr(0,0,0,1,0,0,0,1,0,0,0,1);es="Linear";ed="In";};["LeftUpperArm"]={tm=.0500;cf=cfr(.122,-.432,-.074,.798,.33,-.504,-.6,.361,-.714,-.053,.872,.486);es="Linear";ed="In";};["LeftLowerArm"]={tm=.0500;cf=cfr(0,0,0,1,0,0,0,1,0,0,0,1);es="Linear";ed="In";};["LeftHand"]={tm=.0500;cf=cfr(0,0,0,1,0,0,0,1,0,0,0,1);es="Linear";ed="In";};["LeftUpperLeg"]={tm=.0500;cf=cfr(-.088,.79,-1.156,.827,.374,.421,-.503,.827,.253,-.253,-.42,.871);es="Linear";ed="In";};["LeftLowerLeg"]={tm=.0500;cf=cfr(0,0,0,1,0,0,0,1,0,0,0,1);es="Linear";ed="In";};["LeftFoot"]={tm=.0500;cf=cfr(0,0,0,1,0,0,0,1,0,0,0,1);es="Linear";ed="In";};["RightUpperLeg"]={tm=.0500;cf=cfr(.285,1.051,-1.001,.819,-.495,-.29,.528,.848,.043,.224,-.189,.956);es="Linear";ed="In";};["RightLowerLeg"]={tm=.0500;cf=cfr(0,0,0,1,0,0,0,1,0,0,0,1);es="Linear";ed="In";};["RightFoot"]={tm=.0500;cf=cfr(0,0,0,1,0,0,0,1,0,0,0,1);es="Linear";ed="In";};["Torso"]={tm=.0500;cf=cfr(-4.661,1.963,-.763,.878,.191,-.44,-.16,.981,.108,.452,-.025,.892);es="Linear";ed="In";};["Right Arm"]={tm=.0500;cf=cfr(.583,-.407,-.046,.004,-.869,.495,.673,.368,.642,-.74,.33,.586);es="Linear";ed="In";};["Head"]={tm=0;cf=cfr(0,0,0,.387,.913,-.131,-.913,.399,.087,.131,.086,.988);es="Linear";ed="In";};["Right Leg"]={tm=.0500;cf=cfr(.889,1.315,.195,.956,.189,-.224,-.043,.848,.528,.29,-.495,.819);es="Linear";ed="In";};["Left Leg"]={tm=.0500;cf=cfr(-1.029,1.041,.001,.871,-.42,.253,.253,.827,.503,-.421,-.374,.827);es="Linear";ed="In";};["Left Arm"]={tm=.0500;cf=cfr(-.304,-.264,-.035,.486,.872,.053,-.714,.361,.6,.504,-.33,.798);es="Linear";ed="In";};};{tm=.2;["LowerTorso"]={tm=.0499;cf=cfr(4.813,-.528,2.108,.941,.238,-.239,-.211,.968,.134,.263,-.076,.962);es="Linear";ed="In";};["UpperTorso"]={tm=.0499;cf=cfr(0,0,0,1,0,0,0,1,0,0,0,1);es="Linear";ed="In";};["Head"]={tm=0;cf=cfr(0,0,0,.591,.387,-.708,-.419,.897,.141,.69,.214,.692);es="Linear";ed="In";};["RightUpperArm"]={tm=.0499;cf=cfr(.213,-.556,.011,.798,-.188,.572,.574,.525,-.628,-.182,.83,.527);es="Linear";ed="In";};["RightLowerArm"]={tm=.0499;cf=cfr(0,0,0,1,0,0,0,1,0,0,0,1);es="Linear";ed="In";};["RightHand"]={tm=.0499;cf=cfr(0,0,0,1,0,0,0,1,0,0,0,1);es="Linear";ed="In";};["LeftUpperArm"]={tm=.0499;cf=cfr(.155,-.407,-.102,.706,.455,-.543,-.708,.454,-.54,.001,.766,.643);es="Linear";ed="In";};["LeftLowerArm"]={tm=.0499;cf=cfr(0,0,0,1,0,0,0,1,0,0,0,1);es="Linear";ed="In";};["LeftHand"]={tm=.0499;cf=cfr(0,0,0,1,0,0,0,1,0,0,0,1);es="Linear";ed="In";};["LeftUpperLeg"]={tm=.0499;cf=cfr(-.085,.535,-.985,.846,.24,.476,-.395,.882,.259,-.358,-.407,.841);es="Linear";ed="In";};["LeftLowerLeg"]={tm=.0499;cf=cfr(0,0,0,1,0,0,0,1,0,0,0,1);es="Linear";ed="In";};["LeftFoot"]={tm=.0499;cf=cfr(0,0,0,1,0,0,0,1,0,0,0,1);es="Linear";ed="In";};["RightUpperLeg"]={tm=.0499;cf=cfr(.361,.685,-1.014,.854,-.365,-.372,.378,.925,-.039,.358,-.107,.928);es="Linear";ed="In";};["RightLowerLeg"]={tm=.0499;cf=cfr(0,0,0,1,0,0,0,1,0,0,0,1);es="Linear";ed="In";};["RightFoot"]={tm=.0499;cf=cfr(0,0,0,1,0,0,0,1,0,0,0,1);es="Linear";ed="In";};["Torso"]={tm=.0499;cf=cfr(-5.051,2.031,-.56,.941,.239,-.238,-.263,.962,-.076,.211,.134,.968);es="Linear";ed="In";};["Right Arm"]={tm=.0499;cf=cfr(.208,-.431,.263,.527,-.83,.182,.628,.525,.574,-.572,-.188,.798);es="Linear";ed="In";};["Head"]={tm=0;cf=cfr(0,0,0,.591,.708,-.387,-.69,.692,.214,.419,.141,.897);es="Linear";ed="In";};["Right Leg"]={tm=.0499;cf=cfr(.835,.874,.288,.928,.107,-.358,.039,.925,.378,.372,-.365,.854);es="Linear";ed="In";};["Left Leg"]={tm=.0499;cf=cfr(-.806,.733,.008,.841,-.407,.358,.259,.882,.395,-.476,-.24,.846);es="Linear";ed="In";};["Left Arm"]={tm=.0499;cf=cfr(-.304,-.264,-.035,.643,.766,-.001,-.54,.454,.708,.543,-.455,.706);es="Linear";ed="In";};};{tm=.25;["LowerTorso"]={tm=.067;cf=cfr(5.051,-.286,2.223,.92,.136,-.369,-.031,.96,.278,.392,-.244,.887);es="Linear";ed="In";};["UpperTorso"]={tm=.067;cf=cfr(0,0,0,1,0,0,0,1,0,0,0,1);es="Linear";ed="In";};["Head"]={tm=0;cf=cfr(0,0,0,.924,.314,-.22,-.312,.949,.041,.222,.031,.975);es="Linear";ed="In";};["RightUpperArm"]={tm=.067;cf=cfr(.034,-.378,.118,.961,-.251,.12,.278,.874,-.4,-.004,.417,.909);es="Linear";ed="In";};["RightLowerArm"]={tm=.067;cf=cfr(0,0,0,1,0,0,0,1,0,0,0,1);es="Linear";ed="In";};["RightHand"]={tm=.067;cf=cfr(0,0,0,1,0,0,0,1,0,0,0,1);es="Linear";ed="In";};["LeftUpperArm"]={tm=.067;cf=cfr(.056,-.356,.008,.905,.345,-.248,-.405,.878,-.254,.13,.331,.935);es="Linear";ed="In";};["LeftLowerArm"]={tm=.067;cf=cfr(0,0,0,1,0,0,0,1,0,0,0,1);es="Linear";ed="In";};["LeftHand"]={tm=.067;cf=cfr(0,0,0,1,0,0,0,1,0,0,0,1);es="Linear";ed="In";};["LeftUpperLeg"]={tm=.067;cf=cfr(-.31,.357,-.592,.808,.171,.564,-.159,.985,-.07,-.567,-.033,.823);es="Linear";ed="In";};["LeftLowerLeg"]={tm=.067;cf=cfr(0,0,0,1,0,0,0,1,0,0,0,1);es="Linear";ed="In";};["LeftFoot"]={tm=.067;cf=cfr(0,0,0,1,0,0,0,1,0,0,0,1);es="Linear";ed="In";};["RightUpperLeg"]={tm=.067;cf=cfr(.299,.473,-.933,.903,-.154,-.401,.07,.974,-.217,.424,.168,.89);es="Linear";ed="In";};["RightLowerLeg"]={tm=.067;cf=cfr(0,0,0,1,0,0,0,1,0,0,0,1);es="Linear";ed="In";};["RightFoot"]={tm=.067;cf=cfr(0,0,0,1,0,0,0,1,0,0,0,1);es="Linear";ed="In";};["Torso"]={tm=.067;cf=cfr(-5.187,1.979,-.326,.92,.369,-.136,-.392,.887,-.244,.031,.278,.96);es="Linear";ed="In";};["Right Arm"]={tm=.067;cf=cfr(-.008,-.345,.1,.909,-.417,.004,.4,.874,.278,-.12,-.251,.961);es="Linear";ed="In";};["Head"]={tm=0;cf=cfr(0,0,0,.924,.22,-.314,-.222,.975,.031,.312,.041,.949);es="Linear";ed="In";};["Right Leg"]={tm=.067;cf=cfr(.721,.508,.25,.89,-.168,-.424,.217,.974,.07,.401,-.154,.903);es="Linear";ed="In";};["Left Leg"]={tm=.067;cf=cfr(-.308,.437,.214,.823,-.033,.567,-.07,.985,.159,-.564,-.171,.808);es="Linear";ed="In";};["Left Arm"]={tm=.067;cf=cfr(-.079,-.323,.035,.935,.331,-.13,-.254,.878,.405,.248,-.345,.905);es="Linear";ed="In";};};{tm=.317;["LowerTorso"]={tm=.066;cf=cfr(5.083,-.144,2.142,.874,.068,-.481,.085,.954,.289,.478,-.293,.828);es="Linear";ed="In";};["UpperTorso"]={tm=.066;cf=cfr(0,0,0,1,0,0,0,1,0,0,0,1);es="Linear";ed="In";};["Head"]={tm=0;cf=cfr(0,0,0,.953,.136,.271,-.146,.989,.015,-.266,-.054,.963);es="Linear";ed="In";};["RightUpperArm"]={tm=.066;cf=cfr(-.049,-.199,.093,.908,-.346,-.236,.334,.938,-.091,.253,.004,.968);es="Linear";ed="In";};["RightLowerArm"]={tm=.066;cf=cfr(0,0,0,1,0,0,0,1,0,0,0,1);es="Linear";ed="In";};["RightHand"]={tm=.066;cf=cfr(0,0,0,1,0,0,0,1,0,0,0,1);es="Linear";ed="In";};["LeftUpperArm"]={tm=.066;cf=cfr(.011,-.287,-.024,.987,.149,.054,-.136,.973,-.188,-.081,.179,.981);es="Linear";ed="In";};["LeftLowerArm"]={tm=.066;cf=cfr(0,0,0,1,0,0,0,1,0,0,0,1);es="Linear";ed="In";};["LeftHand"]={tm=.066;cf=cfr(0,0,0,1,0,0,0,1,0,0,0,1);es="Linear";ed="In";};["LeftUpperLeg"]={tm=.066;cf=cfr(-.394,.222,-.65,.618,.199,.76,-.238,.969,-.061,-.749,-.143,.647);es="Linear";ed="In";};["LeftLowerLeg"]={tm=.066;cf=cfr(0,0,0,1,0,0,0,1,0,0,0,1);es="Linear";ed="In";};["LeftFoot"]={tm=.066;cf=cfr(0,0,0,1,0,0,0,1,0,0,0,1);es="Linear";ed="In";};["RightUpperLeg"]={tm=.066;cf=cfr(.283,.258,-.913,.954,-.068,-.292,.003,.976,-.216,.3,.205,.932);es="Linear";ed="In";};["RightLowerLeg"]={tm=.066;cf=cfr(0,0,0,1,0,0,0,1,0,0,0,1);es="Linear";ed="In";};["RightFoot"]={tm=.066;cf=cfr(0,0,0,1,0,0,0,1,0,0,0,1);es="Linear";ed="In";};["Torso"]={tm=.066;cf=cfr(-5.151,1.849,-.19,.874,.481,-.068,-.478,.828,-.293,-.085,.289,.954);es="Linear";ed="In";};["Right Arm"]={tm=.066;cf=cfr(-.092,-.183,.042,.968,-.004,-.253,.091,.938,.334,.236,-.346,.908);es="Linear";ed="In";};["Head"]={tm=0;cf=cfr(0,0,0,.953,-.271,-.136,.266,.963,-.054,.146,.015,.989);es="Linear";ed="In";};["Right Leg"]={tm=.066;cf=cfr(.764,.259,.26,.932,-.205,-.3,.216,.976,.003,.292,-.068,.954);es="Linear";ed="In";};["Left Leg"]={tm=.066;cf=cfr(-.276,.34,.203,.647,-.143,.749,-.061,.969,.238,-.76,-.199,.618);es="Linear";ed="In";};["Left Arm"]={tm=.066;cf=cfr(-.071,-.28,.029,.981,.179,.081,-.188,.973,.136,-.054,-.149,.987);es="Linear";ed="In";};};{tm=.383;["LowerTorso"]={tm=.0339;cf=cfr(4.977,-.041,2.005,.847,-.042,-.53,.226,.931,.288,.481,-.363,.798);es="Linear";ed="In";};["UpperTorso"]={tm=.0339;cf=cfr(0,0,0,1,0,0,0,1,0,0,0,1);es="Linear";ed="In";};["Head"]={tm=0;cf=cfr(0,0,0,.801,.177,.572,-.093,.981,-.173,-.592,.085,.802);es="Linear";ed="In";};["RightUpperArm"]={tm=.0339;cf=cfr(-.066,-.113,.037,.89,-.305,-.339,.31,.95,-.04,.334,-.069,.94);es="Linear";ed="In";};["RightLowerArm"]={tm=.0339;cf=cfr(0,0,0,1,0,0,0,1,0,0,0,1);es="Linear";ed="In";};["RightHand"]={tm=.0339;cf=cfr(0,0,0,1,0,0,0,1,0,0,0,1);es="Linear";ed="In";};["LeftUpperArm"]={tm=.0339;cf=cfr(.036,-.185,-.018,.974,.1,.202,-.07,.986,-.153,-.215,.135,.967);es="Linear";ed="In";};["LeftLowerArm"]={tm=.0339;cf=cfr(0,0,0,1,0,0,0,1,0,0,0,1);es="Linear";ed="In";};["LeftHand"]={tm=.0339;cf=cfr(0,0,0,1,0,0,0,1,0,0,0,1);es="Linear";ed="In";};["LeftUpperLeg"]={tm=.0339;cf=cfr(-.392,.234,-.651,.603,.224,.765,-.307,.951,-.036,-.736,-.214,.643);es="Linear";ed="In";};["LeftLowerLeg"]={tm=.0339;cf=cfr(0,0,0,1,0,0,0,1,0,0,0,1);es="Linear";ed="In";};["LeftFoot"]={tm=.0339;cf=cfr(0,0,0,1,0,0,0,1,0,0,0,1);es="Linear";ed="In";};["RightUpperLeg"]={tm=.0339;cf=cfr(.265,-.004,-.809,.976,-.025,-.218,-.032,.967,-.253,.217,.254,.942);es="Linear";ed="In";};["RightLowerLeg"]={tm=.0339;cf=cfr(0,0,0,1,0,0,0,1,0,0,0,1);es="Linear";ed="In";};["RightFoot"]={tm=.0339;cf=cfr(0,0,0,1,0,0,0,1,0,0,0,1);es="Linear";ed="In";};["Torso"]={tm=.0339;cf=cfr(-4.935,1.642,-.11,.847,.53,.042,-.481,.798,-.363,-.226,.288,.931);es="Linear";ed="In";};["Right Arm"]={tm=.0339;cf=cfr(-.055,-.099,.014,.94,.069,-.334,.04,.95,.31,.339,-.305,.89);es="Linear";ed="In";};["Head"]={tm=0;cf=cfr(0,0,0,.801,-.572,-.177,.592,.802,.085,.093,-.173,.981);es="Linear";ed="In";};["Right Leg"]={tm=.0339;cf=cfr(.7,-.02,.253,.942,-.254,-.217,.253,.967,-.032,.218,-.025,.976);es="Linear";ed="In";};["Left Leg"]={tm=.0339;cf=cfr(-.283,.387,.194,.643,-.214,.736,-.036,.951,.307,-.765,-.224,.603);es="Linear";ed="In";};["Left Arm"]={tm=.0339;cf=cfr(-.054,-.181,-.01,.967,.135,.215,-.153,.986,.07,-.202,-.1,.974);es="Linear";ed="In";};};{tm=.417;["LowerTorso"]={tm=.0500;cf=cfr(4.838,-.172,1.937,.891,-.115,-.44,.278,.903,.328,.359,-.415,.836);es="Linear";ed="In";};["UpperTorso"]={tm=.0500;cf=cfr(0,0,0,1,0,0,0,1,0,0,0,1);es="Linear";ed="In";};["Head"]={tm=0;cf=cfr(0,0,0,.463,.193,.865,.287,.891,-.352,-.839,.411,.357);es="Linear";ed="In";};["RightUpperArm"]={tm=.0500;cf=cfr(-.041,-.1,.01,.941,-.242,-.239,.219,.969,-.117,.259,.057,.964);es="Linear";ed="In";};["RightLowerArm"]={tm=.0500;cf=cfr(0,0,0,1,0,0,0,1,0,0,0,1);es="Linear";ed="In";};["RightHand"]={tm=.0500;cf=cfr(0,0,0,1,0,0,0,1,0,0,0,1);es="Linear";ed="In";};["LeftUpperArm"]={tm=.0500;cf=cfr(.097,-.202,0,.929,.332,.162,-.282,.921,-.27,-.239,.205,.949);es="Linear";ed="In";};["LeftLowerArm"]={tm=.0500;cf=cfr(0,0,0,1,0,0,0,1,0,0,0,1);es="Linear";ed="In";};["LeftHand"]={tm=.0500;cf=cfr(0,0,0,1,0,0,0,1,0,0,0,1);es="Linear";ed="In";};["LeftUpperLeg"]={tm=.0500;cf=cfr(-.345,.476,-.693,.613,.196,.765,-.263,.964,-.036,-.745,-.179,.643);es="Linear";ed="In";};["LeftLowerLeg"]={tm=.0500;cf=cfr(0,0,0,1,0,0,0,1,0,0,0,1);es="Linear";ed="In";};["LeftFoot"]={tm=.0500;cf=cfr(0,0,0,1,0,0,0,1,0,0,0,1);es="Linear";ed="In";};["RightUpperLeg"]={tm=.0500;cf=cfr(.212,.022,-.733,.99,-.117,-.077,.098,.971,-.217,.1,.207,.973);es="Linear";ed="In";};["RightLowerLeg"]={tm=.0500;cf=cfr(0,0,0,1,0,0,0,1,0,0,0,1);es="Linear";ed="In";};["RightFoot"]={tm=.0500;cf=cfr(0,0,0,1,0,0,0,1,0,0,0,1);es="Linear";ed="In";};["Torso"]={tm=.0500;cf=cfr(-4.724,1.522,-.269,.891,.44,.115,-.359,.836,-.415,-.278,.328,.903);es="Linear";ed="In";};["Right Arm"]={tm=.0500;cf=cfr(.005,-.092,.023,.964,-.057,-.259,.117,.969,.219,.239,-.242,.941);es="Linear";ed="In";};["Head"]={tm=0;cf=cfr(0,0,0,.463,-.865,-.193,.839,.357,.411,-.287,-.352,.891);es="Linear";ed="In";};["Right Leg"]={tm=.0500;cf=cfr(.683,.071,.207,.973,-.207,-.1,.217,.971,.098,.077,-.117,.99);es="Linear";ed="In";};["Left Leg"]={tm=.0500;cf=cfr(-.321,.607,.151,.643,-.179,.745,-.036,.964,.263,-.765,-.196,.613);es="Linear";ed="In";};["Left Arm"]={tm=.0500;cf=cfr(-.054,-.181,-.01,.949,.205,.239,-.27,.921,.282,-.162,-.332,.929);es="Linear";ed="In";};};{tm=.467;["LowerTorso"]={tm=.0329;cf=cfr(4.609,-.18,1.485,.974,.022,.225,.011,.99,-.142,-.225,.141,.964);es="Linear";ed="In";};["UpperTorso"]={tm=.0329;cf=cfr(0,0,0,1,0,0,0,1,0,0,0,1);es="Linear";ed="In";};["Head"]={tm=0;cf=cfr(0,0,0,.881,-.339,-.331,.449,.818,.359,.149,-.464,.873);es="Linear";ed="In";};["RightUpperArm"]={tm=.0329;cf=cfr(-.05,-.019,-.083,.787,-.19,-.587,.337,.93,.15,.517,-.316,.796);es="Linear";ed="In";};["RightLowerArm"]={tm=.0329;cf=cfr(0,0,0,1,0,0,0,1,0,0,0,1);es="Linear";ed="In";};["RightHand"]={tm=.0329;cf=cfr(0,0,0,1,0,0,0,1,0,0,0,1);es="Linear";ed="In";};["LeftUpperArm"]={tm=.0329;cf=cfr(-.026,-.392,-.02,.618,.194,-.762,-.241,.969,.051,.748,.152,.646);es="Linear";ed="In";};["LeftLowerArm"]={tm=.0329;cf=cfr(0,0,0,1,0,0,0,1,0,0,0,1);es="Linear";ed="In";};["LeftHand"]={tm=.0329;cf=cfr(0,0,0,1,0,0,0,1,0,0,0,1);es="Linear";ed="In";};["LeftUpperLeg"]={tm=.0329;cf=cfr(-.075,.097,-.355,.952,.019,.306,-.134,.923,.36,-.276,-.384,.881);es="Linear";ed="In";};["LeftLowerLeg"]={tm=.0329;cf=cfr(0,0,0,1,0,0,0,1,0,0,0,1);es="Linear";ed="In";};["LeftFoot"]={tm=.0329;cf=cfr(0,0,0,1,0,0,0,1,0,0,0,1);es="Linear";ed="In";};["RightUpperLeg"]={tm=.0329;cf=cfr(.337,-.197,-.022,.746,-.375,-.551,.61,.717,.337,.269,-.587,.763);es="Linear";ed="In";};["RightLowerLeg"]={tm=.0329;cf=cfr(0,0,0,1,0,0,0,1,0,0,0,1);es="Linear";ed="In";};["RightFoot"]={tm=.0329;cf=cfr(0,0,0,1,0,0,0,1,0,0,0,1);es="Linear";ed="In";};["Torso"]={tm=.0329;cf=cfr(-4.631,1.625,-.19,.974,-.225,-.022,.225,.964,.141,-.011,-.142,.99);es="Linear";ed="In";};["Right Arm"]={tm=.0329;cf=cfr(0,0,0,.796,.316,-.517,-.15,.93,.337,.587,-.19,.787);es="Linear";ed="In";};["Head"]={tm=0;cf=cfr(0,0,0,.881,.331,.339,-.149,.873,-.464,-.449,.359,.818);es="Linear";ed="In";};["Right Leg"]={tm=.0329;cf=cfr(-.112,.108,.21,.763,.587,-.269,-.337,.717,.61,.551,-.375,.746);es="Linear";ed="In";};["Left Leg"]={tm=.0329;cf=cfr(-.217,.164,.05,.881,-.384,.276,.36,.923,.134,-.306,-.019,.952);es="Linear";ed="In";};["Left Arm"]={tm=.0329;cf=cfr(-.06,-.383,.077,.646,.152,-.748,.051,.969,.241,.762,-.194,.618);es="Linear";ed="In";};};{tm=.5;["LowerTorso"]={tm=.0500;cf=cfr(4.67,-.087,2.222,.844,.286,.453,-.241,.958,-.155,-.478,.022,.878);es="Linear";ed="In";};["UpperTorso"]={tm=.0500;cf=cfr(0,0,0,1,0,0,0,1,0,0,0,1);es="Linear";ed="In";};["Head"]={tm=0;cf=cfr(0,0,0,.442,-.4,-.803,.68,.734,.008,.585,-.549,.596);es="Linear";ed="In";};["RightUpperArm"]={tm=.0500;cf=cfr(-.029,-.127,.03,.961,-.202,-.188,.152,.956,-.25,.23,.211,.95);es="Linear";ed="In";};["RightLowerArm"]={tm=.0500;cf=cfr(0,0,0,1,0,0,0,1,0,0,0,1);es="Linear";ed="In";};["RightHand"]={tm=.0500;cf=cfr(0,0,0,1,0,0,0,1,0,0,0,1);es="Linear";ed="In";};["LeftUpperArm"]={tm=.0500;cf=cfr(0,-.264,-.001,.284,.198,-.938,-.588,.809,-.007,.757,.554,.347);es="Linear";ed="In";};["LeftLowerArm"]={tm=.0500;cf=cfr(0,0,0,1,0,0,0,1,0,0,0,1);es="Linear";ed="In";};["LeftHand"]={tm=.0500;cf=cfr(0,0,0,1,0,0,0,1,0,0,0,1);es="Linear";ed="In";};["LeftUpperLeg"]={tm=.0500;cf=cfr(.06,-.07,-.285,.964,-.263,.022,.264,.964,-.022,-.015,.027,1);es="Linear";ed="In";};["LeftLowerLeg"]={tm=.0500;cf=cfr(0,0,0,1,0,0,0,1,0,0,0,1);es="Linear";ed="In";};["LeftFoot"]={tm=.0500;cf=cfr(0,0,0,1,0,0,0,1,0,0,0,1);es="Linear";ed="In";};["RightUpperLeg"]={tm=.0500;cf=cfr(.441,-.146,-.388,.644,-.547,-.535,.74,.623,.253,.194,-.559,.806);es="Linear";ed="In";};["RightLowerLeg"]={tm=.0500;cf=cfr(0,0,0,1,0,0,0,1,0,0,0,1);es="Linear";ed="In";};["RightFoot"]={tm=.0500;cf=cfr(0,0,0,1,0,0,0,1,0,0,0,1);es="Linear";ed="In";};["Torso"]={tm=.0500;cf=cfr(-4.956,2.244,-.129,.844,-.453,-.286,.478,.878,.022,.241,-.155,.958);es="Linear";ed="In";};["Right Arm"]={tm=.0500;cf=cfr(.025,-.115,.024,.95,-.211,-.23,.25,.956,.152,.188,-.202,.961);es="Linear";ed="In";};["Head"]={tm=0;cf=cfr(0,0,0,.442,.803,.4,-.585,.596,-.549,-.68,.008,.734);es="Linear";ed="In";};["Right Leg"]={tm=.0500;cf=cfr(.291,.224,.263,.806,.559,-.194,-.253,.623,.74,.535,-.547,.644);es="Linear";ed="In";};["Left Leg"]={tm=.0500;cf=cfr(-.277,-.201,-.077,1,.027,.015,-.022,.964,-.264,-.022,.263,.964);es="Linear";ed="In";};["Left Arm"]={tm=.0500;cf=cfr(-.147,-.214,.053,.347,.554,-.757,-.007,.809,.588,.938,-.198,.284);es="Linear";ed="In";};};{tm=.55;["LowerTorso"]={tm=.0329;cf=cfr(4.929,-.126,2.189,.696,.327,.639,-.145,.936,-.32,-.703,.131,.699);es="Linear";ed="In";};["UpperTorso"]={tm=.0329;cf=cfr(0,0,0,1,0,0,0,1,0,0,0,1);es="Linear";ed="In";};["Head"]={tm=0;cf=cfr(0,0,0,.278,-.249,-.928,.59,.807,-.04,.759,-.536,.371);es="Linear";ed="In";};["RightUpperArm"]={tm=.0329;cf=cfr(0,-.263,0,.999,.046,.005,-.041,.926,-.374,-.022,.374,.927);es="Linear";ed="In";};["RightLowerArm"]={tm=.0329;cf=cfr(0,0,0,1,0,0,0,1,0,0,0,1);es="Linear";ed="In";};["RightHand"]={tm=.0329;cf=cfr(0,0,0,1,0,0,0,1,0,0,0,1);es="Linear";ed="In";};["LeftUpperArm"]={tm=.0329;cf=cfr(.116,-.082,.152,.306,.441,-.844,-.72,.687,.099,.623,.577,.528);es="Linear";ed="In";};["LeftLowerArm"]={tm=.0329;cf=cfr(0,0,0,1,0,0,0,1,0,0,0,1);es="Linear";ed="In";};["LeftHand"]={tm=.0329;cf=cfr(0,0,0,1,0,0,0,1,0,0,0,1);es="Linear";ed="In";};["LeftUpperLeg"]={tm=.0329;cf=cfr(.02,.297,-.258,.989,-.146,-.003,.144,.979,.145,-.018,-.144,.989);es="Linear";ed="In";};["LeftLowerLeg"]={tm=.0329;cf=cfr(0,0,0,1,0,0,0,1,0,0,0,1);es="Linear";ed="In";};["LeftFoot"]={tm=.0329;cf=cfr(0,0,0,1,0,0,0,1,0,0,0,1);es="Linear";ed="In";};["RightUpperLeg"]={tm=.0329;cf=cfr(.243,-.293,-.294,.71,-.347,-.612,.687,.531,.496,.153,-.773,.616);es="Linear";ed="In";};["RightLowerLeg"]={tm=.0329;cf=cfr(0,0,0,1,0,0,0,1,0,0,0,1);es="Linear";ed="In";};["RightFoot"]={tm=.0329;cf=cfr(0,0,0,1,0,0,0,1,0,0,0,1);es="Linear";ed="In";};["Torso"]={tm=.0329;cf=cfr(-5.256,2.32,-.19,.696,-.639,-.327,.703,.699,.131,.145,-.32,.936);es="Linear";ed="In";};["Right Arm"]={tm=.0329;cf=cfr(.098,-.244,-.012,.927,-.374,.022,.374,.926,-.041,-.005,.046,.999);es="Linear";ed="In";};["Head"]={tm=0;cf=cfr(0,0,0,.278,.928,.249,-.759,.371,-.536,-.59,-.04,.807);es="Linear";ed="In";};["Right Leg"]={tm=.0329;cf=cfr(.217,.05,.098,.616,.773,-.153,-.496,.531,.687,.612,-.347,.71);es="Linear";ed="In";};["Left Leg"]={tm=.0329;cf=cfr(-.249,.224,-.025,.989,-.144,.018,.145,.979,-.144,.003,.146,.989);es="Linear";ed="In";};["Left Arm"]={tm=.0329;cf=cfr(0,0,0,.528,.577,-.623,.099,.687,.72,.844,-.441,.306);es="Linear";ed="In";};};{tm=.583;["LowerTorso"]={tm=.0340;cf=cfr(5.125,-.294,2.265,.735,.227,.639,-.106,.969,-.223,-.67,.096,.736);es="Linear";ed="In";};["UpperTorso"]={tm=.0340;cf=cfr(0,0,0,1,0,0,0,1,0,0,0,1);es="Linear";ed="In";};["Head"]={tm=0;cf=cfr(0,0,0,.538,-.107,-.836,.35,.931,.106,.767,-.35,.538);es="Linear";ed="In";};["RightUpperArm"]={tm=.0340;cf=cfr(-.044,-.41,-.094,.93,.244,.273,-.046,.817,-.575,-.364,.522,.771);es="Linear";ed="In";};["RightLowerArm"]={tm=.0340;cf=cfr(0,0,0,1,0,0,0,1,0,0,0,1);es="Linear";ed="In";};["RightHand"]={tm=.0340;cf=cfr(0,0,0,1,0,0,0,1,0,0,0,1);es="Linear";ed="In";};["LeftUpperArm"]={tm=.0340;cf=cfr(.185,-.113,.112,.607,.702,-.373,-.793,.57,-.216,.061,.427,.902);es="Linear";ed="In";};["LeftLowerArm"]={tm=.0340;cf=cfr(0,0,0,1,0,0,0,1,0,0,0,1);es="Linear";ed="In";};["LeftHand"]={tm=.0340;cf=cfr(0,0,0,1,0,0,0,1,0,0,0,1);es="Linear";ed="In";};["LeftUpperLeg"]={tm=.0340;cf=cfr(.037,.364,-.283,.997,.072,-.034,-.055,.934,.353,.057,-.35,.935);es="Linear";ed="In";};["LeftLowerLeg"]={tm=.0340;cf=cfr(0,0,0,1,0,0,0,1,0,0,0,1);es="Linear";ed="In";};["LeftFoot"]={tm=.0340;cf=cfr(0,0,0,1,0,0,0,1,0,0,0,1);es="Linear";ed="In";};["RightUpperLeg"]={tm=.0340;cf=cfr(.111,-.349,-.614,.804,-.319,-.502,.59,.532,.607,.074,-.784,.616);es="Linear";ed="In";};["RightLowerLeg"]={tm=.0340;cf=cfr(0,0,0,1,0,0,0,1,0,0,0,1);es="Linear";ed="In";};["RightFoot"]={tm=.0340;cf=cfr(0,0,0,1,0,0,0,1,0,0,0,1);es="Linear";ed="In";};["Torso"]={tm=.0340;cf=cfr(-5.353,2.361,-.324,.735,-.639,-.227,.67,.736,.096,.106,-.223,.969);es="Linear";ed="In";};["Right Arm"]={tm=.0340;cf=cfr(.232,-.362,-.108,.771,-.522,.364,.575,.817,-.046,-.273,.244,.93);es="Linear";ed="In";};["Head"]={tm=0;cf=cfr(0,0,0,.538,.836,.107,-.767,.538,-.35,-.35,.106,.931);es="Linear";ed="In";};["Right Leg"]={tm=.0340;cf=cfr(.578,-.054,.012,.616,.784,-.074,-.607,.532,.59,.502,-.319,.804);es="Linear";ed="In";};["Left Leg"]={tm=.0340;cf=cfr(-.311,.392,-.038,.935,-.35,-.057,.353,.934,.055,.034,-.072,.997);es="Linear";ed="In";};["Left Arm"]={tm=.0340;cf=cfr(0,0,0,.902,.427,-.061,-.216,.57,.793,.373,-.702,.607);es="Linear";ed="In";};};{tm=.617;["LowerTorso"]={tm=.0330;cf=cfr(6.76,-.554,3.007,.935,-.336,-.111,.353,.869,.346,-.02,-.363,.931);es="Linear";ed="In";};["UpperTorso"]={tm=.0330;cf=cfr(0,0,0,1,0,0,0,1,0,0,0,1);es="Linear";ed="In";};["Head"]={tm=0;cf=cfr(0,0,0,.599,-.146,-.787,.528,.812,.251,.603,-.566,.563);es="Linear";ed="In";};["RightUpperArm"]={tm=.0330;cf=cfr(-.431,-.356,-.31,.424,.8,.425,.517,.172,-.839,-.744,.575,-.34);es="Linear";ed="In";};["RightLowerArm"]={tm=.0330;cf=cfr(0,0,0,1,0,0,0,1,0,0,0,1);es="Linear";ed="In";};["RightHand"]={tm=.0330;cf=cfr(0,0,0,1,0,0,0,1,0,0,0,1);es="Linear";ed="In";};["LeftUpperArm"]={tm=.0330;cf=cfr(.361,-.336,.248,-.081,.675,.733,-.718,.471,-.513,-.691,-.568,.447);es="Linear";ed="In";};["LeftLowerArm"]={tm=.0330;cf=cfr(0,0,0,1,0,0,0,1,0,0,0,1);es="Linear";ed="In";};["LeftHand"]={tm=.0330;cf=cfr(0,0,0,1,0,0,0,1,0,0,0,1);es="Linear";ed="In";};["LeftUpperLeg"]={tm=.0330;cf=cfr(-.516,.987,-.487,.458,.556,.694,-.375,.828,-.416,-.806,-.069,.588);es="Linear";ed="In";};["LeftLowerLeg"]={tm=.0330;cf=cfr(0,0,0,1,0,0,0,1,0,0,0,1);es="Linear";ed="In";};["LeftFoot"]={tm=.0330;cf=cfr(0,0,0,1,0,0,0,1,0,0,0,1);es="Linear";ed="In";};["RightUpperLeg"]={tm=.0330;cf=cfr(.014,.485,-.503,.829,.553,.079,-.304,.565,-.767,-.469,.612,.636);es="Linear";ed="In";};["RightLowerLeg"]={tm=.0330;cf=cfr(0,0,0,1,0,0,0,1,0,0,0,1);es="Linear";ed="In";};["RightFoot"]={tm=.0330;cf=cfr(0,0,0,1,0,0,0,1,0,0,0,1);es="Linear";ed="In";};["Torso"]={tm=.0330;cf=cfr(-6.424,2.643,-.685,.935,.111,.336,.02,.931,-.363,-.353,.346,.869);es="Linear";ed="In";};["Right Arm"]={tm=.0330;cf=cfr(.461,-.138,-.641,-.34,-.575,.744,.839,.172,.517,-.425,.8,.424);es="Linear";ed="In";};["Head"]={tm=0;cf=cfr(0,0,0,.599,.787,.146,-.603,.563,-.566,-.528,.251,.812);es="Linear";ed="In";};["Right Leg"]={tm=.0330;cf=cfr(.738,.334,-.071,.636,-.612,.469,.767,.565,-.304,-.079,.553,.829);es="Linear";ed="In";};["Left Leg"]={tm=.0330;cf=cfr(-.084,1.175,.245,.588,-.069,.806,-.416,.828,.375,-.694,-.556,.458);es="Linear";ed="In";};["Left Arm"]={tm=.0330;cf=cfr(.397,-.197,-.183,.447,-.568,.691,-.513,.471,.718,-.733,-.675,-.081);es="Linear";ed="In";};};{tm=.65;["LowerTorso"]={tm=.0499;cf=cfr(6.954,-.671,3.548,.907,-.117,-.404,.331,.792,.513,.261,-.599,.757);es="Linear";ed="In";};["UpperTorso"]={tm=.0499;cf=cfr(0,0,0,1,0,0,0,1,0,0,0,1);es="Linear";ed="In";};["Head"]={tm=0;cf=cfr(0,0,0,.757,.411,-.508,.036,.75,.66,.653,-.518,.553);es="Linear";ed="In";};["RightUpperArm"]={tm=.0499;cf=cfr(-.066,-.276,-.177,.589,.349,.729,.76,.069,-.646,-.276,.935,-.224);es="Linear";ed="In";};["RightLowerArm"]={tm=.0499;cf=cfr(0,0,0,1,0,0,0,1,0,0,0,1);es="Linear";ed="In";};["RightHand"]={tm=.0499;cf=cfr(0,0,0,1,0,0,0,1,0,0,0,1);es="Linear";ed="In";};["LeftUpperArm"]={tm=.0499;cf=cfr(-.069,-.355,.035,.467,.575,.672,-.598,.765,-.239,-.651,-.29,.701);es="Linear";ed="In";};["LeftLowerArm"]={tm=.0499;cf=cfr(0,0,0,1,0,0,0,1,0,0,0,1);es="Linear";ed="In";};["LeftHand"]={tm=.0499;cf=cfr(0,0,0,1,0,0,0,1,0,0,0,1);es="Linear";ed="In";};["LeftUpperLeg"]={tm=.0499;cf=cfr(-.516,.987,-.487,.458,.627,.63,-.375,.779,-.503,-.806,-.006,.592);es="Linear";ed="In";};["LeftLowerLeg"]={tm=.0499;cf=cfr(0,0,0,1,0,0,0,1,0,0,0,1);es="Linear";ed="In";};["LeftFoot"]={tm=.0499;cf=cfr(0,0,0,1,0,0,0,1,0,0,0,1);es="Linear";ed="In";};["RightUpperLeg"]={tm=.0499;cf=cfr(.288,.87,-.34,.869,.432,-.241,-.473,.582,-.662,-.145,.689,.71);es="Linear";ed="In";};["RightLowerLeg"]={tm=.0499;cf=cfr(0,0,0,1,0,0,0,1,0,0,0,1);es="Linear";ed="In";};["RightFoot"]={tm=.0499;cf=cfr(0,0,0,1,0,0,0,1,0,0,0,1);es="Linear";ed="In";};["Torso"]={tm=.0499;cf=cfr(-6.837,2.949,-.879,.907,.404,.117,-.261,.757,-.599,-.331,.513,.792);es="Linear";ed="In";};["Right Arm"]={tm=.0499;cf=cfr(.422,-.031,-.157,-.224,-.935,.276,.646,.069,.76,-.729,.349,.589);es="Linear";ed="In";};["Head"]={tm=0;cf=cfr(0,0,0,.757,.508,-.411,-.653,.553,-.518,-.036,.66,.75);es="Linear";ed="In";};["Right Leg"]={tm=.0499;cf=cfr(.413,.633,.222,.71,-.689,.145,.662,.582,-.473,.241,.432,.869);es="Linear";ed="In";};["Left Leg"]={tm=.0499;cf=cfr(-.084,1.175,.245,.592,-.006,.806,-.503,.779,.375,-.63,-.627,.458);es="Linear";ed="In";};["Left Arm"]={tm=.0499;cf=cfr(.111,-.293,.22,.701,-.29,.651,-.239,.765,.598,-.672,-.575,.467);es="Linear";ed="In";};};{tm=.7;["LowerTorso"]={tm=.0670;cf=cfr(7.002,-.625,3.827,.891,.108,-.441,.156,.839,.522,.426,-.534,.731);es="Linear";ed="In";};["UpperTorso"]={tm=.0670;cf=cfr(0,0,0,1,0,0,0,1,0,0,0,1);es="Linear";ed="In";};["Head"]={tm=0;cf=cfr(0,0,0,.653,.579,-.488,-.112,.712,.694,.749,-.398,.529);es="Linear";ed="In";};["RightUpperArm"]={tm=.0670;cf=cfr(-.163,-.337,.218,.619,-.378,.689,.747,.011,-.665,.244,.926,.289);es="Linear";ed="In";};["RightLowerArm"]={tm=.0670;cf=cfr(0,0,0,1,0,0,0,1,0,0,0,1);es="Linear";ed="In";};["RightHand"]={tm=.0670;cf=cfr(0,0,0,1,0,0,0,1,0,0,0,1);es="Linear";ed="In";};["LeftUpperArm"]={tm=.0670;cf=cfr(-.072,-.419,-.082,.895,.379,.234,-.208,.82,-.534,-.394,.429,.813);es="Linear";ed="In";};["LeftLowerArm"]={tm=.0670;cf=cfr(0,0,0,1,0,0,0,1,0,0,0,1);es="Linear";ed="In";};["LeftHand"]={tm=.0670;cf=cfr(0,0,0,1,0,0,0,1,0,0,0,1);es="Linear";ed="In";};["LeftUpperLeg"]={tm=.0670;cf=cfr(-.484,.969,-.537,.573,.492,.656,-.199,.859,-.471,-.795,.14,.59);es="Linear";ed="In";};["LeftLowerLeg"]={tm=.0670;cf=cfr(0,0,0,1,0,0,0,1,0,0,0,1);es="Linear";ed="In";};["LeftFoot"]={tm=.0670;cf=cfr(0,0,0,1,0,0,0,1,0,0,0,1);es="Linear";ed="In";};["RightUpperLeg"]={tm=.0670;cf=cfr(-.008,1.188,-.185,.968,.139,-.211,-.238,.777,-.582,.083,.614,.785);es="Linear";ed="In";};["RightLowerLeg"]={tm=.0670;cf=cfr(0,0,0,1,0,0,0,1,0,0,0,1);es="Linear";ed="In";};["RightFoot"]={tm=.0670;cf=cfr(0,0,0,1,0,0,0,1,0,0,0,1);es="Linear";ed="In";};["Torso"]={tm=.0670;cf=cfr(-7.11,3.294,-.786,.891,.441,-.108,-.426,.731,-.534,-.156,.522,.839);es="Linear";ed="In";};["Right Arm"]={tm=.0670;cf=cfr(.025,-.077,-.064,.289,-.926,-.244,.665,.011,.747,-.689,-.378,.619);es="Linear";ed="In";};["Head"]={tm=0;cf=cfr(0,0,0,.653,.488,-.579,-.749,.529,-.398,.112,.694,.712);es="Linear";ed="In";};["Right Leg"]={tm=.0670;cf=cfr(.143,1.069,-.024,.785,-.614,-.083,.582,.777,-.238,.211,.139,.968);es="Linear";ed="In";};["Left Leg"]={tm=.0670;cf=cfr(-.139,1.069,.271,.59,.14,.795,-.471,.859,.199,-.656,-.492,.573);es="Linear";ed="In";};["Left Arm"]={tm=.0670;cf=cfr(-.195,-.372,.172,.813,.429,.394,-.534,.82,.208,-.234,-.379,.895);es="Linear";ed="In";};};{tm=.767;["LowerTorso"]={tm=.0659;cf=cfr(6.98,-.437,4.03,.882,.217,-.419,-.046,.923,.382,.469,-.318,.824);es="Linear";ed="In";};["UpperTorso"]={tm=.0659;cf=cfr(0,0,0,1,0,0,0,1,0,0,0,1);es="Linear";ed="In";};["Head"]={tm=0;cf=cfr(0,0,0,.69,.513,-.511,-.057,.742,.668,.722,-.431,.541);es="Linear";ed="In";};["RightUpperArm"]={tm=.0659;cf=cfr(-.156,-.397,.345,.696,-.711,.102,.505,.384,-.773,.511,.59,.626);es="Linear";ed="In";};["RightLowerArm"]={tm=.0659;cf=cfr(0,0,0,1,0,0,0,1,0,0,0,1);es="Linear";ed="In";};["RightHand"]={tm=.0659;cf=cfr(0,0,0,1,0,0,0,1,0,0,0,1);es="Linear";ed="In";};["LeftUpperArm"]={tm=.0659;cf=cfr(-.002,-.393,-.448,.994,.005,-.108,-.105,.278,-.955,.025,.961,.277);es="Linear";ed="In";};["LeftLowerArm"]={tm=.0659;cf=cfr(0,0,0,1,0,0,0,1,0,0,0,1);es="Linear";ed="In";};["LeftHand"]={tm=.0659;cf=cfr(0,0,0,1,0,0,0,1,0,0,0,1);es="Linear";ed="In";};["LeftUpperLeg"]={tm=.0659;cf=cfr(-.462,.725,-.525,.597,.319,.736,-.066,.934,-.351,-.8,.161,.579);es="Linear";ed="In";};["LeftLowerLeg"]={tm=.0659;cf=cfr(0,0,0,1,0,0,0,1,0,0,0,1);es="Linear";ed="In";};["LeftFoot"]={tm=.0659;cf=cfr(0,0,0,1,0,0,0,1,0,0,0,1);es="Linear";ed="In";};["RightUpperLeg"]={tm=.0659;cf=cfr(.067,.727,-.634,.954,-.088,-.288,-.037,.915,-.402,.299,.394,.869);es="Linear";ed="In";};["RightLowerLeg"]={tm=.0659;cf=cfr(0,0,0,1,0,0,0,1,0,0,0,1);es="Linear";ed="In";};["RightFoot"]={tm=.0659;cf=cfr(0,0,0,1,0,0,0,1,0,0,0,1);es="Linear";ed="In";};["Torso"]={tm=.0659;cf=cfr(-7.197,3.712,-.514,.882,.419,-.217,-.469,.824,-.318,.046,.382,.923);es="Linear";ed="In";};["Right Arm"]={tm=.0659;cf=cfr(-.19,-.235,.031,.626,-.59,-.511,.773,.384,.505,-.102,-.711,.696);es="Linear";ed="In";};["Head"]={tm=0;cf=cfr(0,0,0,.69,.511,-.513,-.722,.541,-.431,.057,.668,.742);es="Linear";ed="In";};["Right Leg"]={tm=.0659;cf=cfr(.485,.708,.044,.869,-.394,-.299,.402,.915,-.037,.288,-.088,.954);es="Linear";ed="In";};["Left Leg"]={tm=.0659;cf=cfr(-.125,.758,.26,.579,.161,.8,-.351,.934,.066,-.736,-.319,.597);es="Linear";ed="In";};["Left Arm"]={tm=.0659;cf=cfr(-.701,-.203,.004,.277,.961,-.025,-.955,.278,.105,.108,-.005,.994);es="Linear";ed="In";};};{tm=.833;["LowerTorso"]={tm=.0500;cf=cfr(6.907,-.308,4.237,.932,.272,-.241,-.223,.952,.212,.287,-.143,.947);es="Linear";ed="In";};["UpperTorso"]={tm=.0500;cf=cfr(0,0,0,1,0,0,0,1,0,0,0,1);es="Linear";ed="In";};["Head"]={tm=0;cf=cfr(0,0,0,.724,.521,-.453,-.394,.851,.349,.566,-.074,.821);es="Linear";ed="In";};["RightUpperArm"]={tm=.0500;cf=cfr(-.324,-.337,.339,.575,-.625,-.529,.49,.78,-.39,.656,-.035,.754);es="Linear";ed="In";};["RightLowerArm"]={tm=.0500;cf=cfr(0,0,0,1,0,0,0,1,0,0,0,1);es="Linear";ed="In";};["RightHand"]={tm=.0500;cf=cfr(0,0,0,1,0,0,0,1,0,0,0,1);es="Linear";ed="In";};["LeftUpperArm"]={tm=.0500;cf=cfr(.069,-.314,-.167,.87,-.366,-.331,-.242,.269,-.932,.43,.891,.146);es="Linear";ed="In";};["LeftLowerArm"]={tm=.0500;cf=cfr(0,0,0,1,0,0,0,1,0,0,0,1);es="Linear";ed="In";};["LeftHand"]={tm=.0500;cf=cfr(0,0,0,1,0,0,0,1,0,0,0,1);es="Linear";ed="In";};["LeftUpperLeg"]={tm=.0500;cf=cfr(-.351,.788,-.828,.88,.103,.464,-.116,.993,0,-.461,-.054,.886);es="Linear";ed="In";};["LeftLowerLeg"]={tm=.0500;cf=cfr(0,0,0,1,0,0,0,1,0,0,0,1);es="Linear";ed="In";};["LeftFoot"]={tm=.0500;cf=cfr(0,0,0,1,0,0,0,1,0,0,0,1);es="Linear";ed="In";};["RightUpperLeg"]={tm=.0500;cf=cfr(.242,.603,-.558,.924,-.236,-.3,.113,.92,-.375,.364,.313,.877);es="Linear";ed="In";};["RightLowerLeg"]={tm=.0500;cf=cfr(0,0,0,1,0,0,0,1,0,0,0,1);es="Linear";ed="In";};["RightFoot"]={tm=.0500;cf=cfr(0,0,0,1,0,0,0,1,0,0,0,1);es="Linear";ed="In";};["Torso"]={tm=.0500;cf=cfr(-7.179,4.094,-.357,.932,.241,-.272,-.287,.947,-.143,.223,.212,.952);es="Linear";ed="In";};["Right Arm"]={tm=.0500;cf=cfr(-.348,-.279,-.159,.754,.035,-.656,.39,.78,.49,.529,-.625,.575);es="Linear";ed="In";};["Head"]={tm=0;cf=cfr(0,0,0,.724,.453,-.521,-.566,.821,-.074,.394,.349,.851);es="Linear";ed="In";};["Right Leg"]={tm=.0500;cf=cfr(.376,.66,.204,.877,-.313,-.364,.375,.92,.113,.3,-.236,.924);es="Linear";ed="In";};["Left Leg"]={tm=.0500;cf=cfr(-.598,.846,.291,.886,-.054,.461,0,.993,.116,-.464,-.103,.88);es="Linear";ed="In";};["Left Arm"]={tm=.0500;cf=cfr(-.402,-.121,-.165,.146,.891,-.43,-.932,.269,.242,.331,.366,.87);es="Linear";ed="In";};};{tm=.883;["LowerTorso"]={tm=.0839;cf=cfr(6.696,-.146,4.386,.952,.293,-.089,-.293,.956,.021,.091,.006,.996);es="Linear";ed="In";};["UpperTorso"]={tm=.0839;cf=cfr(0,0,0,1,0,0,0,1,0,0,0,1);es="Linear";ed="In";};["Head"]={tm=0;cf=cfr(0,0,0,.827,.327,-.458,-.318,.943,.099,.464,.064,.883);es="Linear";ed="In";};["RightUpperArm"]={tm=.0839;cf=cfr(-.294,-.384,.35,.616,-.358,-.701,.423,.902,-.089,.664,-.242,.707);es="Linear";ed="In";};["RightLowerArm"]={tm=.0839;cf=cfr(0,0,0,1,0,0,0,1,0,0,0,1);es="Linear";ed="In";};["RightHand"]={tm=.0839;cf=c