-- // converted using mech's animoduler
local cfr = CFrame.new

return {{tm=0;["Torso"]={tm=.05;cf=cfr(.001,-1.161,.825,-.204,-.95,.238,.448,.126,.885,-.871,.287,.4);es="Linear";ed="In";};["Head"]={tm=.05;cf=cfr(0,0,0,.86,.006,-.51,-.371,.694,-.617,.35,.72,.599);es="Linear";ed="In";};["Left Leg"]={tm=.05;cf=cfr(-.298,.207,-.021,.817,-.538,-.208,.538,.582,.609,-.206,-.61,.765);es="Linear";ed="In";};["Right Arm"]={tm=.05;cf=cfr(.184,-.451,.121,.801,-.553,-.227,.586,.65,.484,-.12,-.521,.845);es="Linear";ed="In";};["Right Leg"]={tm=.05;cf=cfr(.194,-.068,-.006,.977,.034,.211,-.144,.832,.535,-.157,-.553,.818);es="Linear";ed="In";};["Left Arm"]={tm=.05;cf=cfr(-.283,-.278,.309,-.36,.657,-.662,-.77,.191,.608,.526,.729,.437);es="Linear";ed="In";};};{tm=.05;["Torso"]={tm=.033;cf=cfr(.126,-1.751,.287,-.72,-.669,-.184,.159,-.418,.894,-.675,.615,.407);es="Linear";ed="In";};["Head"]={tm=.033;cf=cfr(0,0,0,.918,-.186,-.351,.175,.982,-.063,.356,-.003,.934);es="Linear";ed="In";};["Left Leg"]={tm=.033;cf=cfr(-.298,.207,-.021,.972,-.101,.213,-.061,.765,.641,-.228,-.636,.737);es="Linear";ed="In";};["Right Arm"]={tm=.033;cf=cfr(.341,-.598,.179,.759,-.496,-.421,.648,.635,.421,.059,-.593,.803);es="Linear";ed="In";};["Right Leg"]={tm=.033;cf=cfr(.535,.602,.24,.718,-.595,-.361,.691,.548,.471,-.082,-.588,.805);es="Linear";ed="In";};["Left Arm"]={tm=.033;cf=cfr(-.21,-.137,.23,-.412,.665,-.623,-.796,.069,.601,.443,.743,.501);es="Linear";ed="In";};};{tm=.083;["Torso"]={tm=.05;cf=cfr(.098,-2.159,-.461,-.873,-.103,-.478,-.267,-.718,.643,-.409,.688,.599);es="Linear";ed="In";};["Head"]={tm=.05;cf=cfr(0,0,0,.854,-.469,-.227,.513,.831,.214,.088,-.299,.95);es="Linear";ed="In";};["Left Leg"]={tm=.05;cf=cfr(-.758,.753,-.113,.993,-.113,-.039,.12,.933,.341,-.002,-.343,.939);es="Linear";ed="In";};["Right Arm"]={tm=.05;cf=cfr(.198,-.371,.279,.541,-.187,-.82,.671,.683,.287,.506,-.706,.496);es="Linear";ed="In";};["Right Leg"]={tm=.05;cf=cfr(.616,.554,.397,.598,-.659,-.456,.708,.167,.686,-.376,-.733,.567);es="Linear";ed="In";};["Left Arm"]={tm=.05;cf=cfr(-.336,-.017,.244,-.324,.41,-.853,-.904,.13,.406,.277,.903,.328);es="Linear";ed="In";};};{tm=.133;["Torso"]={tm=.067;cf=cfr(.101,-2.524,-.962,-.66,.289,-.693,-.64,-.699,.319,-.393,.654,.647);es="Linear";ed="In";};["Head"]={tm=.067;cf=cfr(0,0,0,.634,-.715,-.296,.767,.63,.121,.1,-.304,.947);es="Linear";ed="In";};["Left Leg"]={tm=.067;cf=cfr(-.72,.69,-.073,.853,-.521,-.025,.464,.737,.491,-.237,-.431,.871);es="Linear";ed="In";};["Right Arm"]={tm=.067;cf=cfr(.262,-.256,.091,.267,-.708,-.654,.898,.43,-.099,.351,-.561,.75);es="Linear";ed="In";};["Right Leg"]={tm=.067;cf=cfr(.731,.683,.195,.592,-.63,-.502,.802,.4,.444,-.079,-.665,.742);es="Linear";ed="In";};["Left Arm"]={tm=.067;cf=cfr(-.386,.139,.018,-.577,.627,-.524,-.807,-.336,.486,.129,.703,.699);es="Linear";ed="In";};};{tm=.2;["Torso"]={tm=.0499;cf=cfr(.171,-2.86,-.762,-.41,.658,-.631,-.863,-.503,.036,-.294,.56,.775);es="Linear";ed="In";};["Head"]={tm=.0499;cf=cfr(0,0,0,.616,-.782,-.096,.784,.62,-.018,.074,-.065,.995);es="Linear";ed="In";};["Left Leg"]={tm=.0499;cf=cfr(-.656,.375,-.014,.914,-.399,.077,.272,.743,.611,-.301,-.538,.788);es="Linear";ed="In";};["Right Arm"]={tm=.0499;cf=cfr(.229,-.379,.088,.576,-.779,-.248,.817,.557,.15,.021,-.289,.957);es="Linear";ed="In";};["Right Leg"]={tm=.0499;cf=cfr(.659,.476,.165,.589,-.58,-.563,.768,.618,.166,.252,-.53,.809);es="Linear";ed="In";};["Left Arm"]={tm=.0499;cf=cfr(-.35,.1,.007,-.379,.685,-.622,-.821,.061,.568,.427,.726,.539);es="Linear";ed="In";};};{tm=.25;["Torso"]={tm=.0499;cf=cfr(.276,-3.177,-.52,-.074,.931,-.358,-.962,-.162,-.221,-.264,.328,.907);es="Linear";ed="In";};["Head"]={tm=.0499;cf=cfr(0,0,0,.609,-.793,.028,.785,.598,-.162,.111,.12,.986);es="Linear";ed="In";};["Left Leg"]={tm=.0499;cf=cfr(-.663,.378,.037,.906,-.418,-.072,.363,.676,.641,-.219,-.607,.764);es="Linear";ed="In";};["Right Arm"]={tm=.0499;cf=cfr(.292,-.379,.022,.857,-.49,-.159,.51,.85,.133,.07,-.195,.978);es="Linear";ed="In";};["Right Leg"]={tm=.0499;cf=cfr(.546,.239,.151,.844,-.287,-.454,.421,.878,.227,.333,-.383,.862);es="Linear";ed="In";};["Left Arm"]={tm=.0499;cf=cfr(-.454,-.012,.018,-.549,.439,-.711,-.781,.035,.624,.299,.898,.324);es="Linear";ed="In";};};{tm=.3;["Torso"]={tm=.0499;cf=cfr(.373,-3.414,-.438,.152,.969,-.195,-.969,.106,-.225,-.197,.223,.955);es="Linear";ed="In";};["Head"]={tm=.0499;cf=cfr(0,0,0,.529,-.826,.194,.848,.514,-.128,.006,.232,.973);es="Linear";ed="In";};["Left Leg"]={tm=.0499;cf=cfr(-.69,.393,.017,.925,-.38,.013,.32,.796,.514,-.206,-.472,.857);es="Linear";ed="In";};["Right Arm"]={tm=.0499;cf=cfr(.191,-.308,.011,.887,-.458,-.055,.461,.879,.118,-.005,-.13,.992);es="Linear";ed="In";};["Right Leg"]={tm=.0499;cf=cfr(.565,.195,.253,.931,-.119,-.345,.238,.914,.329,.276,-.388,.879);es="Linear";ed="In";};["Left Arm"]={tm=.0499;cf=cfr(.02,-.265,.437,-.737,.51,-.443,-.639,-.314,.702,.219,.801,.558);es="Linear";ed="In";};};{tm=.35;["Torso"]={tm=.0500;cf=cfr(.713,-3.62,-.285,.501,.865,.002,-.841,.488,-.235,-.204,.116,.972);es="Linear";ed="In";};["Head"]={tm=.0500;cf=cfr(0,0,0,.607,-.735,.303,.774,.633,-.015,-.181,.243,.953);es="Linear";ed="In";};["Left Leg"]={tm=.0500;cf=cfr(-.87,.424,.01,.973,-.228,-.021,.213,.866,.452,-.085,-.445,.892);es="Linear";ed="In";};["Right Arm"]={tm=.0500;cf=cfr(.173,-.426,.114,.89,-.402,.216,.371,.913,.171,-.266,-.073,.961);es="Linear";ed="In";};["Right Leg"]={tm=.0500;cf=cfr(.696,.165,.143,.957,.158,-.243,-.012,.859,.512,.29,-.487,.824);es="Linear";ed="In";};["Left Arm"]={tm=.0500;cf=cfr(.173,-.471,.319,-.73,.67,-.133,-.622,-.572,.535,.283,.473,.834);es="Linear";ed="In";};};{tm=.4;["Torso"]={tm=.0329;cf=cfr(1.014,-3.951,-.049,.805,.536,.256,-.522,.844,-.127,-.284,-.032,.958);es="Linear";ed="In";};["Head"]={tm=.0329;cf=cfr(0,0,0,.612,-.747,.26,.78,.624,-.042,-.131,.229,.965);es="Linear";ed="In";};["Left Leg"]={tm=.0329;cf=cfr(-.649,.186,-.006,.96,-.249,.131,.19,.917,.35,-.207,-.311,.928);es="Linear";ed="In";};["Right Arm"]={tm=.0329;cf=cfr(.182,-.485,.085,.64,-.728,.246,.654,.684,.322,-.403,-.046,.914);es="Linear";ed="In";};["Right Leg"]={tm=.0329;cf=cfr(1.225,.237,0,.793,.608,-.044,-.562,.757,.333,.236,-.239,.942);es="Linear";ed="In";};["Left Arm"]={tm=.0329;cf=cfr(-.306,.062,.025,-.131,.894,.429,-.844,-.328,.425,.521,-.306,.797);es="Linear";ed="In";};};{tm=.433;["Torso"]={tm=.0499;cf=cfr(1.421,-4.47,.047,.882,-.23,.41,.245,.969,.017,-.401,.086,.912);es="Linear";ed="In";};["Head"]={tm=.0499;cf=cfr(0,0,0,.872,-.486,.068,.49,.864,-.112,-.005,.131,.991);es="Linear";ed="In";};["Left Leg"]={tm=.0499;cf=cfr(-.24,.108,.061,.938,-.178,.298,.125,.974,.189,-.324,-.14,.936);es="Linear";ed="In";};["Right Arm"]={tm=.0499;cf=cfr(-.613,-.653,-.023,-.124,-.956,-.267,.946,-.195,.259,-.299,-.22,.928);es="Linear";ed="In";};["Right Leg"]={tm=.0499;cf=cfr(1.388,.294,-.047,.631,.77,-.096,-.729,.63,.268,.267,-.099,.959);es="Linear";ed="In";};["Left Arm"]={tm=.0499;cf=cfr(-.662,.666,.419,-.117,.652,.75,-.798,-.511,.32,.591,-.561,.58);es="Linear";ed="In";};};{tm=.483;["Torso"]={tm=.0340;cf=cfr(1.685,-4.797,-.008,.75,-.536,.388,.526,.839,.144,-.403,.096,.91);es="Linear";ed="In";};["Head"]={tm=.0340;cf=cfr(0,0,0,.848,-.523,-.083,.499,.841,-.21,.18,.137,.974);es="Linear";ed="In";};["Left Leg"]={tm=.0340;cf=cfr(-.064,.033,.233,.859,-.389,.333,.308,.912,.269,-.409,-.129,.904);es="Linear";ed="In";};["Right Arm"]={tm=.0340;cf=cfr(-.525,-.586,.325,-.12,-.924,-.362,.737,-.327,.591,-.665,-.197,.721);es="Linear";ed="In";};["Right Leg"]={tm=.0340;cf=cfr(1.14,.683,-.196,.94,.336,-.057,-.328,.938,.112,.091,-.087,.992);es="Linear";ed="In";};["Left Arm"]={tm=.0340;cf=cfr(-.199,.47,.561,.034,.533,.846,-.786,-.509,.352,.618,-.676,.401);es="Linear";ed="In";};};{tm=.517;["Torso"]={tm=.0330;cf=cfr(1.774,-4.924,-.071,.554,-.715,.426,.701,.677,.224,-.449,.174,.876);es="Linear";ed="In";};["Head"]={tm=.0330;cf=cfr(0,0,0,.875,-.409,-.258,.389,.912,-.129,.288,.012,.957);es="Linear";ed="In";};["Left Leg"]={tm=.0330;cf=cfr(-.063,.242,.43,.884,-.357,.301,.25,.906,.341,-.394,-.226,.891);es="Linear";ed="In";};["Right Arm"]={tm=.0330;cf=cfr(-.69,-.642,.268,-.07,-.932,-.355,.692,-.302,.656,-.719,-.199,.666);es="Linear";ed="In";};["Right Leg"]={tm=.0330;cf=cfr(.851,.62,-.03,.989,-.111,.095,.124,.981,-.152,-.076,.162,.984);es="Linear";ed="In";};["Left Arm"]={tm=.0330;cf=cfr(.069,.027,.346,.08,.454,.887,-.831,-.46,.311,.55,-.763,.341);es="Linear";ed="In";};};{tm=.55;["Torso"]={tm=.0329;cf=cfr(1.864,-5.052,-.124,.318,-.84,.44,.823,.475,.312,-.471,.263,.842);es="Linear";ed="In";};["Head"]={tm=.0169;cf=cfr(0,0,0,.939,-.209,-.275,.221,.975,.013,.265,-.073,.961);es="Linear";ed="In";};["Left Leg"]={tm=.0169;cf=cfr(-.349,.348,.485,.884,-.411,.222,.25,.818,.518,-.394,-.403,.826);es="Linear";ed="In";};["Right Arm"]={tm=.0329;cf=cfr(-.328,-.376,.267,-.186,-.93,-.317,.552,-.366,.749,-.813,-.036,.582);es="Linear";ed="In";};["Right Leg"]={tm=.0169;cf=cfr(.738,.64,.072,.898,-.408,.163,.43,.893,-.132,-.092,.189,.978);es="Linear";ed="In";};["Left Arm"]={tm=.0329;cf=cfr(.336,-.416,.131,.119,.369,.922,-.872,-.404,.275,.474,-.837,.274);es="Linear";ed="In";};};{tm=.567;["Head"]={tm=.0160;cf=cfr(0,0,0,.832,.487,-.267,-.399,.858,.324,.387,-.163,.908);es="Linear";ed="In";};["Left Leg"]={tm=.0160;cf=cfr(-.425,.722,.137,.949,.106,.297,-.295,.63,.719,-.111,-.77,.629);es="Linear";ed="In";};["Right Leg"]={tm=.0160;cf=cfr(.294,.049,.072,.456,-.863,-.219,.8,.505,-.323,.389,-.028,.921);es="Linear";ed="In";};};{tm=.583;["Torso"]={tm=.0500;cf=cfr(2.112,-5.259,-.205,-.927,-.303,.219,.364,-.598,.714,-.085,.742,.665);es="Linear";ed="In";};["Head"]={tm=.0500;cf=cfr(0,0,0,.437,.884,-.165,-.783,.465,.413,.442,-.051,.896);es="Linear";ed="In";};["Left Leg"]={tm=.0500;cf=cfr(-.518,.974,.25,.567,.791,.229,-.807,.478,.347,.165,-.381,.91);es="Linear";ed="In";};["Right Arm"]={tm=.0500;cf=cfr(.42,.164,.725,.175,-.427,-.887,.904,-.288,.317,-.391,-.857,.335);es="Linear";ed="In";};["Right Leg"]={tm=.0500;cf=cfr(.441,.205,.162,.465,-.738,-.49,.839,.543,-.022,.283,-.401,.872);es="Linear";ed="In";};["Left Arm"]={tm=.0500;cf=cfr(-.035,-.425,.182,-.31,.951,.019,-.703,-.242,.668,.64,.194,.744);es="Linear";ed="In";};};{tm=.633;["Torso"]={tm=.0340;cf=cfr(2.274,-5.37,-.343,-.983,.181,.016,-.083,-.525,.847,.162,.832,.531);es="Linear";ed="In";};["Head"]={tm=.0340;cf=cfr(0,0,0,.284,.959,.016,-.768,.217,.602,.574,-.183,.798);es="Linear";ed="In";};["Left Leg"]={tm=.0340;cf=cfr(-.412,.933,-.045,.389,.921,-.028,-.911,.389,.139,.139,-.029,.99);es="Linear";ed="In";};["Right Arm"]={tm=.0340;cf=cfr(.366,-.037,.507,.194,-.564,-.803,.607,-.574,.55,-.771,-.594,.231);es="Linear";ed="In";};["Right Leg"]={tm=.0340;cf=cfr(.444,.573,.221,.501,-.504,-.703,.673,.738,-.049,.543,-.449,.709);es="Linear";ed="In";};["Left Arm"]={tm=.0340;cf=cfr(.294,-.48,-.003,-.029,.998,-.053,-.748,.013,.664,.663,.059,.746);es="Linear";ed="In";};};{tm=.667;["Torso"]={tm=.0329;cf=cfr(2.409,-5.456,-.393,-.843,.466,-.269,-.458,-.358,.814,.283,.809,.515);es="Linear";ed="In";};["Head"]={tm=.0329;cf=cfr(0,0,0,.375,.87,-.319,-.755,.486,.439,.537,.076,.84);es="Linear";ed="In";};["Left Leg"]={tm=.0329;cf=cfr(-.615,.882,.009,.469,.865,-.176,-.878,.479,.011,.094,.149,.984);es="Linear";ed="In";};["Right Arm"]={tm=.0329;cf=cfr(.73,-.394,-.333,-.659,-.74,.135,.416,-.209,.885,-.627,.639,.446);es="Linear";ed="In";};["Right Leg"]={tm=.0329;cf=cfr(.184,.552,.438,.491,-.406,-.771,.41,.888,-.206,.769,-.215,.603);es="Linear";ed="In";};["Left Arm"]={tm=.0329;cf=cfr(.581,-.552,-.072,.275,.905,.326,-.784,.015,.62,.556,-.426,.714);es="Linear";ed="In";};};{tm=.7;["Torso"]={tm=.0330;cf=cfr(2.451,-5.401,-.292,-.751,.58,-.316,-.608,-.42,.674,.258,.698,.668);es="Linear";ed="In";};["Head"]={tm=.0330;cf=cfr(0,0,0,.455,.779,-.431,-.829,.547,.115,.325,.305,.895);es="Linear";ed="In";};["Left Leg"]={tm=.0330;cf=cfr(-.838,.552,-.088,.602,.756,-.258,-.728,.652,.21,.327,.061,.943);es="Linear";ed="In";};["Right Arm"]={tm=.0330;cf=cfr(.935,-.243,-.694,-.896,-.335,.292,.306,.011,.952,-.322,.942,.093);es="Linear";ed="In";};["Right Leg"]={tm=.0330;cf=cfr(.169,.263,.384,.577,-.192,-.794,.168,.979,-.114,.799,-.068,.597);es="Linear";ed="In";};["Left Arm"]={tm=.0330;cf=cfr(.574,-.659,-.108,.44,.728,.526,-.865,.185,.466,.242,-.66,.711);es="Linear";ed="In";};};{tm=.733;["Torso"]={tm=.0340;cf=cfr(2.475,-5.211,-.224,-.741,.61,-.281,-.632,-.494,.597,.225,.62,.752);es="Linear";ed="In";};["Head"]={tm=.0340;cf=cfr(0,0,0,.506,.803,-.316,-.837,.546,.048,.211,.24,.948);es="Linear";ed="In";};["Left Leg"]={tm=.0340;cf=cfr(-.716,.288,.006,.706,.668,-.236,-.627,.744,.231,.329,-.015,.944);es="Linear";ed="In";};["Right Arm"]={tm=.0340;cf=cfr(.949,-.218,-.956,-.991,-.047,.129,.13,-.014,.991,-.045,.999,.02);es="Linear";ed="In";};["Right Leg"]={tm=.0340;cf=cfr(.141,.043,.332,.672,-.02,-.741,.001,1,-.026,.741,.017,.672);es="Linear";ed="In";};["Left Arm"]={tm=.0340;cf=cfr(.778,-.743,-.279,.6,.485,.636,-.776,.159,.61,.195,-.86,.472);es="Linear";ed="In";};};{tm=.767;["Torso"]={tm=.0499;cf=cfr(2.575,-5.096,-.2,-.843,.477,-.247,-.526,-.643,.557,.107,.6,.793);es="Linear";ed="In";};["Head"]={tm=.0499;cf=cfr(0,0,0,.482,.839,-.252,-.862,.506,.036,.157,.2,.967);es="Linear";ed="In";};["Left Leg"]={tm=.0499;cf=cfr(-.596,.247,.028,.842,.539,-.027,-.496,.793,.355,.213,-.285,.934);es="Linear";ed="In";};["Right Arm"]={tm=.0499;cf=cfr(.916,-.21,-.926,-.997,.077,.027,.01,-.219,.976,.081,.973,.217);es="Linear";ed="In";};["Right Leg"]={tm=.0499;cf=cfr(.153,-.079,.288,.748,-.035,-.663,-.047,.993,-.106,.662,.111,.741);es="Linear";ed="In";};["Left Arm"]={tm=.0499;cf=cfr(.79,-.815,-.36,.659,.192,.727,-.73,-.068,.68,.18,-.979,.095);es="Linear";ed="In";};};{tm=.817;["Torso"]={tm=.0500;cf=cfr(2.837,-5.016,-.286,-.992,-.075,-.097,.014,-.855,.519,-.122,.513,.85);es="Linear";ed="In";};["Head"]={tm=.0500;cf=cfr(0,0,0,.545,.8,-.252,-.81,.58,.087,.216,.156,.964);es="Linear";ed="In";};["Left Leg"]={tm=.0500;cf=cfr(-.281,.3,.092,.996,.085,-.01,-.066,.83,.554,.056,-.551,.833);es="Linear";ed="In";};["Right Arm"]={tm=.0500;cf=cfr(.869,-.141,-1.093,-.956,.197,.219,.163,-.264,.951,.245,.944,.22);es="Linear";ed="In";};["Right Leg"]={tm=.0500;cf=cfr(.348,.032,.193,.837,.079,-.542,-.156,.983,-.098,.525,.167,.835);es="Linear";ed="In";};["Left Arm"]={tm=.0500;cf=cfr(.79,-.815,-.36,.566,.022,.824,-.744,-.416,.522,.355,-.909,-.219);es="Linear";ed="In";};};{tm=.867;["Torso"]={tm=.0500;cf=cfr(3.098,-5.127,-.305,-.756,-.608,.243,.638,-.599,.484,-.148,.521,.84);es="Linear";ed="In";};["Head"]={tm=.0500;cf=cfr(0,0,0,.519,.845,-.126,-.828,.534,.173,.213,.015,.977);es="Linear";ed="In";};["Left Leg"]={tm=.0500;cf=cfr(-.641,.67,.199,.951,-.307,.026,.296,.934,.201,-.086,-.184,.979);es="Linear";ed="In";};["Right Arm"]={tm=.0500;cf=cfr(.997,-.159,-.235,-.997,-.046,.057,.068,-.303,.951,-.027,.952,.305);es="Linear";ed="In";};["Right Leg"]={tm=.0500;cf=cfr(.664,.408,.044,.98,-.201,-.005,.201,.98,.013,.002,-.013,1);es="Linear";ed="In";};["Left Arm"]={tm=.0500;cf=cfr(.584,-.572,-.08,.414,.596,.688,-.709,-.263,.655,.571,-.758,.314);es="Linear";ed="In";};};{tm=.917;["Torso"]={tm=.0499;cf=cfr(3.629,-5.341,-.247,.086,-.933,.348,.996,.085,-.019,-.012,.349,.937);es="Linear";ed="In";};["Head"]={tm=.0499;cf=cfr(0,0,0,.835,.55,0,-.55,.835,0,0,0,1);es="Linear";ed="In";};["Left Leg"]={tm=.0499;cf=cfr(-.773,.347,.407,.879,-.4,.259,.451,.874,-.18,-.154,.275,.949);es="Linear";ed="In";};["Right Arm"]={tm=.0499;cf=cfr(.279,-.436,.046,-.538,-.801,.261,.603,-.15,.784,-.589,.579,.564);es="Linear";ed="In";};["Right Leg"]={tm=.0499;cf=cfr(.725,.494,-.128,.969,-.126,.215,.076,.972,.223,-.237,-.2,.951);es="Linear";ed="In";};["Left Arm"]={tm=.0499;cf=cfr(.787,-.816,.045,-.057,.786,.615,-.779,-.421,.466,.625,-.453,.636);es="Linear";ed="In";};};{tm=.967;["Torso"]={tm=.0330;cf=cfr(4.257,-5.855,-.075,.762,-.618,.193,.647,.711,-.277,.034,.335,.941);es="Linear";ed="In";};["Head"]={tm=.0330;cf=cfr(0,0,0,.933,.343,.107,-.341,.939,-.039,-.113,0,.994);es="Linear";ed="In";};["Left Leg"]={tm=.0330;cf=cfr(-1.139,.41,.276,.784,-.601,.155,.607,.794,.007,-.127,.089,.988);es="Linear";ed="In";};["Right Arm"]={tm=.0330;cf=cfr(-.067,-.469,.51,-.427,-.891,-.155,.397,-.339,.853,-.812,.303,.498);es="Linear";ed="In";};["Right Leg"]={tm=.0330;cf=cfr(.69,.22,-.118,.983,-.084,.166,.061,.988,.139,-.175,-.126,.976);es="Linear";ed="In";};["Left Arm"]={tm=.0330;cf=cfr(.929,-.54,.184,.113,.92,.376,-.602,-.238,.762,.79,-.313,.527);es="Linear";ed="In";};};{tm=1;["Torso"]={tm=.0500;cf=cfr(4.515,-6.346,-.015,.981,-.079,-.175,-.025,.85,-.526,.19,.52,.832);es="Linear";ed="In";};["Head"]={tm=.0500;cf=cfr(0,0,0,.898,.37,.239,-.421,.881,.216,-.131,-.295,.947);es="Linear";ed="In";};["Left Leg"]={tm=.0500;cf=cfr(-1.139,.41,.276,.784,-.601,.155,.607,.794,.007,-.127,.089,.988);es="Linear";ed="In";};["Right Arm"]={tm=.0500;cf=cfr(.073,-.095,.394,-.438,-.807,-.396,.271,-.539,.798,-.857,.242,.455);es="Linear";ed="In";};["Right Leg"]={tm=.0500;cf=cfr(.92,.395,-.255,.949,-.303,.09,.213,.823,.526,-.234,-.48,.846);es="Linear";ed="In";};["Left Arm"]={tm=.0500;cf=cfr(.319,-.472,.296,-.18,.863,.472,-.859,-.372,.352,.479,-.342,.809);es="Linear";ed="In";};};{tm=1.05;["Torso"]={tm=.0500;cf=cfr(4.632,-6.591,-.087,.81,.301,-.503,-.531,.741,-.412,.249,.601,.76);es="Linear";ed="In";};["Head"]={tm=.0500;cf=cfr(0,0,0,.966,.192,.17,-.233,.935,.267,-.108,-.298,.949);es="Linear";ed="In";};["Left Leg"]={tm=.0500;cf=cfr(-.941,.726,.243,.869,-.47,.155,.475,.88,.007,-.14,.068,.988);es="Linear";ed="In";};["Right Arm"]={tm=.0500;cf=cfr(.06,-.085,.458,-.319,-.668,-.672,.273,-.744,.61,-.908,.012,.42);es="Linear";ed="In";};["Right Leg"]={tm=.0500;cf=cfr(.772,.713,.06,.807,-.519,-.28,.59,.693,.414,-.021,-.5,.866);es="Linear";ed="In";};["Left Arm"]={tm=.0500;cf=cfr(.289,-.668,.251,-.142,.783,.605,-.761,-.478,.439,.633,-.398,.664);es="Linear";ed="In";};};{tm=1.1;["Torso"]={tm=.0499;cf=cfr(4.676,-7.167,-.144,.462,.607,-.647,-.804,.594,-.017,.374,.528,.762);es="Linear";ed="In";};["Head"]={tm=.0499;cf=cfr(0,0,0,.974,.123,.192,-.175,.942,.286,-.146,-.312,.939);es="Linear";ed="In";};["Left Leg"]={tm=.0499;cf=cfr(-.813,.72,.223,.969,-.203,.143,.229,.955,-.19,-.098,.217,.971);es="Linear";ed="In";};["Right Arm"]={tm=.0499;cf=cfr(-.318,-.207,.26,.079,-.759,-.646,.438,-.556,.707,-.895,-.339,.289);es="Linear";ed="In";};["Right Leg"]={tm=.0499;cf=cfr(.792,.943,.178,.839,-.446,-.312,.542,.626,.561,-.055,-.64,.767);es="Linear";ed="In";};["Left Arm"]={tm=.0499;cf=cfr(.177,-.713,.279,-.186,.885,.426,-.658,-.434,.615,.73,-.166,.663);es="Linear";ed="In";};};{tm=1.15;["Torso"]={tm=.0330;cf=cfr(4.575,-7.553,-.215,.126,.814,-.567,-.905,.329,.271,.407,.479,.778);es="Linear";ed="In";};["Head"]={tm=.0330;cf=cfr(0,0,0,.979,.072,.189,-.119,.961,.25,-.163,-.267,.95);es="Linear";ed="In";};["Left Leg"]={tm=.0330;cf=cfr(-.787,.952,.31,.981,.159,.107,-.12,.944,-.307,-.15,.289,.946);es="Linear";ed="In";};["Right Arm"]={tm=.0330;cf=cfr(-.274,-.398,.371,.444,-.523,-.728,.565,-.468,.68,-.696,-.713,.088);es="Linear";ed="In";};["Right Leg"]={tm=.0330;cf=cfr(.975,.964,.04,.876,-.424,-.23,.449,.541,.711,-.177,-.726,.665);es="Linear";ed="In";};["Left Arm"]={tm=.0330;cf=cfr(.298,-.513,.202,-.226,.894,.386,-.708,-.423,.565,.669,-.145,.729);es="Linear";ed="In";};};{tm=1.183;["Torso"]={tm=.0340;cf=cfr(4.063,-7.804,-.236,-.25,.847,-.469,-.87,.017,.493,.426,.531,.732);es="Linear";ed="In";};["Head"]={tm=.0340;cf=cfr(0,0,0,.995,-.056,.08,.028,.948,.318,-.093,-.315,.945);es="Linear";ed="In";};["Left Leg"]={tm=.0340;cf=cfr(-.718,.922,.32,.951,.293,.101,-.262,.934,-.241,-.165,.203,.965);es="Linear";ed="In";};["Right Arm"]={tm=.0340;cf=cfr(-.415,-.512,.315,.734,.052,-.677,.631,.314,.709,.249,-.948,.198);es="Linear";ed="In";};["Right Leg"]={tm=.0340;cf=cfr(1.048,1.245,.006,.885,-.416,-.209,.428,.549,.718,-.184,-.725,.664);es="Linear";ed="In";};["Left Arm"]={tm=.0340;cf=cfr(.204,-.434,.25,-.099,.912,.398,-.779,-.32,.539,.619,-.257,.742);es="Linear";ed="In";};};{tm=1.217;["Torso"]={tm=.0499;cf=cfr(3.518,-7.73,-.382,-.584,.717,-.381,-.766,-.331,.55,.268,.613,.743);es="Linear";ed="In";};["Head"]={tm=.0499;cf=cfr(0,0,0,.929,-.347,-.131,.366,.913,.179,.058,-.214,.975);es="Linear";ed="In";};["Left Leg"]={tm=.0499;cf=cfr(-.666,1.035,.189,.819,.462,.342,-.457,.884,-.099,-.348,-.075,.935);es="Linear";ed="In";};["Right Arm"]={tm=.0499;cf=cfr(-.689,-.495,.074,.579,.288,-.762,.4,.715,.574,.71,-.637,.299);es="Linear";ed="In";};["Right Leg"]={tm=.0499;cf=cfr(.984,1.229,-.118,.831,-.552,-.07,.487,.661,.57,-.268,-.508,.818);es="Linear";ed="In";};["Left Arm"]={tm=.0499;cf=cfr(-.383,.017,.32,-.038,.902,.431,-.662,-.345,.665,.748,-.26,.611);es="Linear";ed="In";};};{tm=1.267;["Torso"]={tm=.0500;cf=cfr(2.728,-7.248,-.696,-.996,-.022,-.091,-.064,-.551,.832,-.068,.834,.547);es="Linear";ed="In";};["Head"]={tm=.0500;cf=cfr(0,0,0,.684,-.565,.462,.51,.823,.25,-.521,.064,.851);es="Linear";ed="In";};["Left Leg"]={tm=.0500;cf=cfr(-.102,.757,.288,.381,.688,.617,-.817,.563,-.123,-.432,-.458,.777);es="Linear";ed="In";};["Right Arm"]={tm=.0500;cf=cfr(-.729,-.231,.177,.814,.232,-.532,.257,.678,.689,.52,-.698,.492);es="Linear";ed="In";};["Right Leg"]={tm=.0500;cf=cfr(.766,1.514,-.212,.473,-.865,.166,.75,.494,.441,-.463,-.084,.882);es="Linear";ed="In";};["Left Arm"]={tm=.0500;cf=cfr(-.85,-.023,.403,.115,.953,.282,-.683,-.13,.719,.722,-.275,.635);es="Linear";ed="In";};};{tm=1.317;["Torso"]={tm=.0500;cf=cfr(2.413,-6.69,-.716,-.962,-.236,.135,.262,-.671,.693,-.073,.703,.708);es="Linear";ed="In";};["Head"]={tm=.0500;cf=cfr(0,0,0,.866,-.143,.479,.248,.955,-.162,-.435,.259,.863);es="Linear";ed="In";};["Left Leg"]={tm=.0500;cf=cfr(-.083,.681,.261,.736,.226,.638,-.333,.942,.05,-.59,-.249,.768);es="Linear";ed="In";};["Right Arm"]={tm=.0500;cf=cfr(-.817,-.329,-.055,.557,.737,-.383,-.109,.522,.846,.823,-.429,.371);es="Linear";ed="In";};["Right Leg"]={tm=.0500;cf=cfr(.687,1.16,-.013,.634,-.771,.064,.737,.628,.25,-.233,-.111,.966);es="Linear";ed="In";};["Left Arm"]={tm=.0500;cf=cfr(-.862,-.298,-.197,-.142,.884,-.445,-.706,.225,.671,.694,.41,.592);es="Linear";ed="In";};};{tm=1.367;["Torso"]={tm=.0660;cf=cfr(2.153,-6.554,-.68,-.934,-.298,.196,.355,-.733,.58,-.029,.611,.791);es="Linear";ed="In";};["Head"]={tm=.0660;cf=cfr(0,0,0,.952,.15,.268,-.029,.914,-.405,-.306,.377,.874);es="Linear";ed="In";};["Left Leg"]={tm=.0660;cf=cfr(-.116,.494,.295,.765,.041,.643,-.036,.999,-.022,-.643,-.006,.766);es="Linear";ed="In";};["Right Arm"]={tm=.0660;cf=cfr(-.676,-.283,-.152,.441,.726,-.527,-.05,.607,.793,.896,-.324,.304);es="Linear";ed="In";};["Right Leg"]={tm=.0660;cf=cfr(.784,1.096,-.006,.742,-.671,-.006,.632,.696,.341,-.224,-.257,.94);es="Linear";ed="In";};["Left Arm"]={tm=.0660;cf=cfr(-.608,-.159,-.376,-.539,.071,-.839,-.832,.111,.544,.131,.991,-.001);es="Linear";ed="In";};};{tm=1.433;["Torso"]={tm=.0839;cf=cfr(1.996,-6.464,-.537,-.959,-.27,.091,.28,-.838,.468,-.05,.474,.879);es="Linear";ed="In";};["Head"]={tm=.0839;cf=cfr(0,0,0,.957,.275,-.095,-.282,.802,-.526,-.069,.53,.845);es="Linear";ed="In";};["Left Leg"]={tm=.0839;cf=cfr(-.114,.358,.3,.758,-.106,.644,.106,.994,.039,-.644,.038,.764);es="Linear";ed="In";};["Right Arm"]={tm=.0839;cf=cfr(-.515,-.536,-.266,.369,.647,-.667,-.147,.75,.645,.918,-.14,.372);es="Linear";ed="In";};["Right Leg"]={tm=.0839;cf=cfr(.8,.731,.127,.858,-.513,-.006,.484,.806,.341,-.17,-.296,.94);es="Linear";ed="In";};["Left Arm"]={tm=.0839;cf=cfr(-.457,-.091,-.279,-.667,.019,-.745,-.736,.137,.663,.114,.99,-.078);es="Linear";ed="In";};};{tm=1.517;["Torso"]={tm=.0660;cf=cfr(1.624,-6.52,-.465,-.999,-.027,-.034,.015,-.952,.305,-.04,.305,.952);es="Linear";ed="In";};["Head"]={tm=.0660;cf=cfr(0,0,0,.969,.007,-.245,-.129,.864,-.486,.208,.503,.839);es="Linear";ed="In";};["Left Leg"]={tm=.0660;cf=cfr(-.246,.313,.413,.727,-.2,.657,.29,.956,-.03,-.622,.213,.753);es="Linear";ed="In";};["Right Arm"]={tm=.0660;cf=cfr(-.165,-.472,.024,.401,.518,-.755,-.235,.855,.462,.885,-.008,.465);es="Linear";ed="In";};["Right Leg"]={tm=.0660;cf=cfr(.575,.49,.224,.973,-.217,-.079,.228,.839,.493,-.041,-.498,.866);es="Linear";ed="In";};["Left Arm"]={tm=.0660;cf=cfr(-.488,-.294,.181,-.809,.126,-.574,-.587,-.13,.799,.026,.984,.179);es="Linear";ed="In";};};{tm=1.583;["Torso"]={tm=.0840;cf=cfr(1.256,-6.734,-.201,-.802,.549,-.237,-.568,-.823,.014,-.187,.146,.971);es="Linear";ed="In";};["Head"]={tm=.0840;cf=cfr(0,0,0,.954,-.077,-.29,-.05,.913,-.404,.296,.4,.867);es="Linear";ed="In";};["Left Leg"]={tm=.0840;cf=cfr(-.342,.194,.484,.741,-.182,.646,.22,.975,.024,-.635,.124,.763);es="Linear";ed="In";};["Right Arm"]={tm=.0840;cf=cfr(-.051,-.211,.144,.596,.329,-.733,-.397,.914,.088,.698,.238,.675);es="Linear";ed="In";};["Right Leg"]={tm=.0840;cf=cfr(.464,0,0,.954,.3,-.008,-.268,.865,.424,.134,-.402,.906);es="Linear";ed="In";};["Left Arm"]={tm=.0840;cf=cfr(-.285,-.412,.373,-.822,.43,-.372,-.493,-.211,.844,.285,.878,.386);es="Linear";ed="In";};};{tm=1.667;["Torso"]={tm=.0829;cf=cfr(.919,-7.294,-.125,-.12,.914,-.387,-.929,-.241,-.281,-.35,.326,.878);es="Linear";ed="In";};["Head"]={tm=.0829;cf=cfr(0,0,0,.878,-.133,-.46,.193,.978,.085,.438,-.163,.884);es="Linear";ed="In";};["Left Leg"]={tm=.0160;cf=cfr(-.648,.156,.196,.926,.014,.377,-.004,1,-.027,-.377,.023,.926);es="Linear";ed="In";};["Right Arm"]={tm=.0829;cf=cfr(-.037,-.324,.048,.887,.163,-.431,-.171,.985,.02,.428,.056,.902);es="Linear";ed="In";};["Right Leg"]={tm=.0829;cf=cfr(.614,.136,.083,.892,.419,-.171,-.386,.902,.194,.236,-.107,.966);es="Linear";ed="In";};["Left Arm"]={tm=.0829;cf=cfr(-.142,-.47,.54,-.815,.525,-.244,-.444,-.295,.846,.373,.798,.473);es="Linear";ed="In";};};{tm=1.683;["Left Leg"]={tm=.0169;cf=cfr(-.574,.119,.152,.95,-.02,.313,.025,1,-.012,-.312,.019,.95);es="Linear";ed="In";};};{tm=1.7;["Left Leg"]={tm=.0170;cf=cfr(-.5,.101,.11,.967,-.07,.245,.062,.997,.038,-.247,-.022,.969);es="Linear";ed="In";};};{tm=1.717;["Left Leg"]={tm=.0160;cf=cfr(-.429,.105,.066,.977,-.125,.171,.108,.989,.104,-.182,-.084,.98);es="Linear";ed="In";};};{tm=1.733;["Left Leg"]={tm=.0169;cf=cfr(-.356,.088,.023,.98,-.178,.087,.156,.964,.217,-.123,-.199,.972);es="Linear";ed="In";};};{tm=1.75;["Torso"]={tm=.0829;cf=cfr(.375,-7.875,-.154,.796,.605,.022,-.527,.709,-.468,-.299,.361,.883);es="Linear";ed="In";};["Head"]={tm=.0829;cf=cfr(0,0,0,.917,.122,-.379,-.064,.985,.163,.393,-.125,.911);es="Linear";ed="In";};["Left Leg"]={tm=.0829;cf=cfr(-.283,.071,-.021,.983,-.184,0,.175,.934,.312,-.057,-.307,.95);es="Linear";ed="In";};["Right Arm"]={tm=.0829;cf=cfr(-.293,-.347,-.08,.848,.304,-.434,-.165,.93,.329,.503,-.208,.839);es="Linear";ed="In";};["Right Leg"]={tm=.0829;cf=cfr(.758,.058,.155,.524,.795,-.306,-.817,.57,.081,.239,.207,.949);es="Linear";ed="In";};["Left Arm"]={tm=.0829;cf=cfr(-.363,-.563,.211,-.785,.314,-.534,-.568,-.022,.823,.247,.949,.196);es="Linear";ed="In";};};{tm=1.833;["Torso"]={tm=.0840;cf=cfr(.131,-8.255,-.272,.964,.249,.096,-.202,.915,-.349,-.175,.317,.932);es="Linear";ed="In";};["Head"]={tm=.0840;cf=cfr(0,0,0,.974,.054,-.221,-.011,.982,.191,.227,-.184,.956);es="Linear";ed="In";};["Left Leg"]={tm=.0840;cf=cfr(-.152,.089,-.029,.927,-.374,-.002,.344,.852,.395,-.146,-.366,.919);es="Linear";ed="In";};["Right Arm"]={tm=.0840;cf=cfr(-.04,-.32,.044,.945,.089,-.315,-.009,.969,.246,.327,-.23,.917);es="Linear";ed="In";};["Right Leg"]={tm=.0840;cf=cfr(.421,.671,.005,.962,.229,-.146,-.237,.97,-.046,.131,.079,.988);es="Linear";ed="In";};["Left Arm"]={tm=.0840;cf=cfr(-.43,-.565,.034,-.742,.459,-.488,-.593,-.11,.798,.312,.882,.353);es="Linear";ed="In";};};{tm=1.917;["Torso"]={tm=.0500;cf=cfr(.112,-8.764,-.426,.999,.032,.008,-.029,.963,-.268,-.016,.268,.963);es="Linear";ed="In";};["Head"]={tm=.0500;cf=cfr(0,0,0,.999,.041,-.033,-.038,.996,.084,.036,-.082,.996);es="Linear";ed="In";};["Left Leg"]={tm=.0500;cf=cfr(-.214,-.172,.042,.798,-.597,-.082,.6,.772,.21,-.062,-.217,.974);es="Linear";ed="In";};["Right Arm"]={tm=.0500;cf=cfr(.13,-.23,.007,.681,-.729,-.071,.688,.604,.402,-.25,-.323,.913);es="Linear";ed="In";};["Right Leg"]={tm=.0500;cf=cfr(.834,1.09,-.067,.984,.059,-.166,-.033,.988,.153,.173,-.145,.974);es="Linear";ed="In";};["Left Arm"]={tm=.0500;cf=cfr(-.43,-.565,.034,-.627,.414,-.66,-.778,-.294,.555,.035,.862,.506);es="Linear";ed="In";};};{tm=1.967;["Torso"]={tm=.0160;cf=cfr(.112,-9.157,-.379,.943,-.332,-.03,.318,.921,-.225,.102,.203,.974);es="Linear";ed="In";};["Head"]={tm=.0499;cf=cfr(0,0,0,.953,.301,-.007,-.301,.953,.003,.008,-.001,1);es="Linear";ed="In";};["Left Leg"]={tm=.0499;cf=cfr(-.546,-.147,.009,.69,-.715,-.114,.716,.651,.254,-.107,-.256,.961);es="Linear";ed="In";};["Right Arm"]={tm=.0160;cf=cfr(.812,.31,.125,-.155,-.8,-.58,.898,-.358,.255,-.412,-.481,.774);es="Linear";ed="In";};["Right Leg"]={tm=.0160;cf=cfr(.48,.738,.18,.854,-.286,-.435,.425,.866,.264,.301,-.41,.861);es="Linear";ed="In";};["Left Arm"]={tm=.0499;cf=cfr(-.43,-.565,.034,-.517,.147,-.843,-.822,-.361,.441,-.24,.921,.307);es="Linear";ed="In";};};{tm=1.983;["Torso"]={tm=.0169;cf=cfr(.112,-9.295,-.326,.855,-.519,.013,.505,.825,-.252,.12,.222,.968);es="Linear";ed="In";};["Right Arm"]={tm=.0339;cf=cfr(1.26,.44,.166,-.161,-.839,-.519,.865,-.373,.335,-.475,-.395,.786);es="Linear";ed="In";};["Right Leg"]={tm=.0169;cf=cfr(.276,.407,.112,.774,-.31,-.553,.538,.783,.313,.336,-.539,.773);es="Linear";ed="In";};};{tm=2;["Torso"]={tm=.0169;cf=cfr(.112,-9.432,-.311,.729,-.682,.061,.67,.692,-.269,.141,.237,.961);es="Linear";ed="In";};["Right Leg"]={tm=.0169;cf=cfr(.291,.422,.108,.789,-.095,-.607,.394,.836,.382,.471,-.541,.697);es="Linear";ed="In";};};{tm=2.017;["Torso"]={tm=.0500;cf=cfr(.112,-9.57,-.263,.572,-.813,.112,.804,.527,-.275,.165,.247,.955);es="Linear";ed="In";};["Head"]={tm=.0500;cf=cfr(0,0,0,.992,.083,.093,-.074,.992,-.099,-.1,.091,.991);es="Linear";ed="In";};["Left Leg"]={tm=.0500;cf=cfr(-.876,.48,-.127,.862,-.499,-.092,.5,.805,.32,-.085,-.322,.943);es="Linear";ed="In";};["Right Arm"]={tm=.0500;cf=cfr(1.208,.278,-.2,-.19,-.9,-.392,.785,-.379,.489,-.589,-.215,.779);es="Linear";ed="In";};["Right Leg"]={tm=.0500;cf=cfr(.318,.384,.126,.765,.067,-.64,.265,.873,.409,.586,-.483,.65);es="Linear";ed="In";};["Left Arm"]={tm=.0500;cf=cfr(-.289,-.578,.183,-.615,.589,-.524,-.773,-.321,.547,.154,.742,.653);es="Linear";ed="In";};};{tm=2.067;["Torso"]={tm=.0329;cf=cfr(.112,-9.786,-.205,.27,-.932,.241,.931,.188,-.313,.247,.309,.919);es="Linear";ed="In";};["Head"]={tm=.0329;cf=cfr(0,0,0,.982,.003,.187,.006,.999,-.046,-.187,.046,.981);es="Linear";ed="In";};["Left Leg"]={tm=.0329;cf=cfr(-.715,.454,-.143,.994,-.034,-.101,.044,.994,.096,.097,-.099,.99);es="Linear";ed="In";};["Right Arm"]={tm=.0329;cf=cfr(.79,-.268,-.249,-.122,-.767,.63,.439,.527,.727,-.89,.365,.273);es="Linear";ed="In";};["Right Leg"]={tm=.0329;cf=cfr(.305,.328,.148,.727,.22,-.65,.11,.898,.427,.678,-.382,.628);es="Linear";ed="In";};["Left Arm"]={tm=.0329;cf=cfr(-.084,-.495,.279,-.455,.72,-.524,-.828,-.125,.547,.328,.683,.653);es="Linear";ed="In";};};{tm=2.1;["Torso"]={tm=.0499;cf=cfr(.112,-9.939,-.183,.183,-.923,.339,.962,.098,-.253,.2,.372,.906);es="Linear";ed="In";};["Head"]={tm=.0499;cf=cfr(0,0,0,.993,-.038,.114,.03,.997,.072,-.116,-.068,.991);es="Linear";ed="In";};["Left Leg"]={tm=.0499;cf=cfr(-.523,.043,-.046,.978,.195,-.068,-.199,.978,-.055,.056,.067,.996);es="Linear";ed="In";};["Right Arm"]={tm=.0499;cf=cfr(.432,-.419,-.119,-.122,-.488,.864,.439,.754,.488,-.89,.439,.122);es="Linear";ed="In";};["Right Leg"]={tm=.0499;cf=cfr(.374,.32,.201,.716,.186,-.673,.016,.959,.282,.697,-.213,.684);es="Linear";ed="In";};["Left Arm"]={tm=.0499;cf=cfr(.037,-.272,.029,-.01,.92,-.391,-.947,.117,.298,.32,.373,.871);es="Linear";ed="In";};};{tm=2.15;["Torso"]={tm=.0500;cf=cfr(.112,-10.02,-.203,.105,-.929,.356,.986,.051,-.159,.13,.368,.921);es="Linear";ed="In";};["Head"]={tm=.0500;cf=cfr(0,0,0,.999,-.043,.006,.042,.992,.118,-.011,-.117,.993);es="Linear";ed="In";};["Left Leg"]={tm=.0500;cf=cfr(-.398,.108,-.032,.964,.265,-.013,-.263,.962,.079,.033,-.072,.997);es="Linear";ed="In";};["Right Arm"]={tm=.0500;cf=cfr(.202,-.498,.131,-.2,-.179,.963,.671,.692,.267,-.714,.7,-.018);es="Linear";ed="In";};["Right Leg"]={tm=.0500;cf=cfr(.34,.454,.2,.744,.165,-.648,-.048,.98,.195,.667,-.114,.736);es="Linear";ed="In";};["Left Arm"]={tm=.0500;cf=cfr(.037,-.272,.029,.328,.941,-.084,-.886,.337,.317,.327,-.03,.945);es="Linear";ed="In";};};{tm=2.2;["Torso"]={tm=.0329;cf=cfr(.112,-10.16,-.224,.016,-.946,.323,.997,-.008,-.073,.071,.323,.944);es="Linear";ed="In";};["Head"]={tm=.0329;cf=cfr(0,0,0,.999,.002,-.04,.003,.993,.116,.04,-.116,.993);es="Linear";ed="In";};["Left Leg"]={tm=.0329;cf=cfr(-.475,.152,-.04,.978,.199,.069,-.209,.954,.216,-.023,-.226,.974);es="Linear";ed="In";};["Right Arm"]={tm=.0329;cf=cfr(.246,-.536,.256,-.256,-.194,.947,.776,.543,.321,-.577,.817,.011);es="Linear";ed="In";};["Right Leg"]={tm=.0329;cf=cfr(.342,.413,.208,.789,.182,-.586,-.075,.977,.202,.609,-.115,.785);es="Linear";ed="In";};["Left Arm"]={tm=.0329;cf=cfr(.037,-.272,.029,.738,.674,.037,-.64,.68,.358,.216,-.288,.933);es="Linear";ed="In";};};{tm=2.233;["Torso"]={tm=.0499;cf=cfr(.112,-10.27,-.258,-.037,-.959,.281,.998,-.051,-.043,.056,.279,.959);es="Linear";ed="In";};["Head"]={tm=.0499;cf=cfr(0,0,0,.993,.106,-.054,-.099,.988,.117,.066,-.111,.992);es="Linear";ed="In";};["Left Leg"]={tm=.0499;cf=cfr(-.706,.162,-.025,.995,.06,.083,-.081,.955,.286,-.062,-.292,.955);es="Linear";ed="In";};["Right Arm"]={tm=.0499;cf=cfr(.19,-.481,.341,-.357,-.361,.862,.842,.276,.464,-.405,.891,.205);es="Linear";ed="In";};["Right Leg"]={tm=.0499;cf=cfr(.35,.439,.205,.775,.283,-.566,-.151,.951,.269,.614,-.123,.78);es="Linear";ed="In";};["Left Arm"]={tm=.0499;cf=cfr(.058,-.241,.019,.841,.541,-.002,-.515,.803,.3,.164,-.251,.954);es="Linear";ed="In";};};{tm=2.283;["Torso"]={tm=.0340;cf=cfr(.112,-10.35,-.279,-.023,-.975,.223,1,-.027,-.016,.021,.223,.975);es="Linear";ed="In";};["Head"]={tm=.0340;cf=cfr(0,0,0,.989,.1,-.105,-.094,.993,.064,.111,-.054,.992);es="Linear";ed="In";};["Left Leg"]={tm=.0340;cf=cfr(-.706,.162,-.025,.996,-.062,.068,.03,.918,.396,-.087,-.393,.916);es="Linear";ed="In";};["Right Arm"]={tm=.0340;cf=cfr(.242,-.821,.244,-.7,-.596,.392,.633,-.266,.727,-.329,.757,.564);es="Linear";ed="In";};["Right Leg"]={tm=.0340;cf=cfr(.319,.328,.203,.763,.344,-.548,-.142,.916,.376,.631,-.209,.747);es="Linear";ed="In";};["Left Arm"]={tm=.0340;cf=cfr(.077,-.176,.021,.92,.385,-.068,-.377,.92,.108,.104,-.074,.992);es="Linear";ed="In";};};{tm=2.317;["Torso"]={tm=.0160;cf=cfr(.112,-10.41,-.275,.1,-.969,.227,.994,.105,.011,-.035,.225,.974);es="Linear";ed="In";};["Head"]={tm=.0329;cf=cfr(0,0,0,.954,.212,-.214,-.2,.977,.074,.225,-.028,.974);es="Linear";ed="In";};["Left Leg"]={tm=.0329;cf=cfr(-.701,.13,-.009,.985,-.173,-.016,.163,.886,.435,-.062,-.431,.9);es="Linear";ed="In";};["Right Arm"]={tm=.0160;cf=cfr(.191,-.582,.121,-.814,-.503,.29,.579,-.737,.348,.039,.451,.892);es="Linear";ed="In";};["Right Leg"]={tm=.0329;cf=cfr(.316,.267,.206,.776,.3,-.555,-.134,.938,.32,.616,-.174,.768);es="Linear";ed="In";};["Left Arm"]={tm=.0329;cf=cfr(.026,-.141,-.038,.983,.174,-.061,-.175,.984,-.016,.057,.026,.998);es="Linear";ed="In";};};{tm=2.333;["Torso"]={tm=.0169;cf=cfr(.112,-10.51,-.259,.277,-.948,.16,.958,.286,.036,-.079,.143,.986);es="Linear";ed="In";};["Right Arm"]={tm=.0169;cf=cfr(.601,-.184,.065,-.491,-.851,-.187,.847,-.517,.124,-.202,-.097,.975);es="Linear";ed="In";};};{tm=2.35;["Torso"]={tm=.0329;cf=cfr(.112,-10.64,-.236,.451,-.889,.08,.89,.455,.035,-.067,.056,.996);es="Linear";ed="In";};["Head"]={tm=.0329;cf=cfr(0,0,0,.977,.145,-.157,-.177,.96,-.218,.119,.24,.963);es="Linear";ed="In";};["Left Leg"]={tm=.0329;cf=cfr(-.706,.162,-.025,.816,-.578,-.014,.526,.732,.432,-.239,-.36,.902);es="Linear";ed="In";};["Right Arm"]={tm=.0329;cf=cfr(.696,.129,.417,-.026,-.83,-.557,.981,-.129,.147,-.194,-.542,.818);es="Linear";ed="In";};["Right Leg"]={tm=.0329;cf=cfr(.316,.21,.205,.794,.303,-.526,-.158,.94,.303,.587,-.158,.794);es="Linear";ed="In";};["Left Arm"]={tm=.0329;cf=cfr(.026,-.141,-.038,.897,.395,-.199,-.428,.888,-.167,.11,.235,.966);es="Linear";ed="In";};};{tm=2.383;["Torso"]={tm=.0339;cf=cfr(.112,-10.89,-.211,.573,-.818,.06,.819,.574,.003,-.037,.047,.998);es="Linear";ed="In";};["Head"]={tm=.0339;cf=cfr(0,0,0,.909,.387,-.157,-.414,.884,-.218,.055,.263,.963);es="Linear";ed="In";};["Left Leg"]={tm=.0339;cf=cfr(-.899,.136,-.017,.769,-.637,-.061,.628,.733,.262,-.122,-.239,.963);es="Linear";ed="In";};["Right Arm"]={tm=.0339;cf=cfr(-.163,-.44,.176,.181,-.677,-.713,.86,-.242,.448,-.476,-.695,.539);es="Linear";ed="In";};["Right Leg"]={tm=.0339;cf=cfr(.256,.169,.281,.775,.321,-.544,-.212,.944,.254,.595,-.082,.799);es="Linear";ed="In";};["Left Arm"]={tm=.0339;cf=cfr(.109,-.291,.004,.47,.813,-.344,-.849,.523,.073,.24,.258,.936);es="Linear";ed="In";};};{tm=2.417;["Torso"]={tm=.0330;cf=cfr(.112,-11.14,-.179,.642,-.766,.021,.766,.641,-.048,.023,.048,.999);es="Linear";ed="In";};["Head"]={tm=.0330;cf=cfr(0,0,0,.825,.543,-.157,-.565,.796,-.218,.007,.268,.963);es="Linear";ed="In";};["Left Leg"]={tm=.0330;cf=cfr(-1.023,.393,-.094,.853,-.518,-.061,.514,.817,.262,-.085,-.255,.963);es="Linear";ed="In";};["Right Arm"]={tm=.0330;cf=cfr(-.446,-.534,-.203,.15,-.542,-.827,.941,-.178,.287,-.303,-.821,.483);es="Linear";ed="In";};["Right Leg"]={tm=.0330;cf=cfr(.197,.165,.244,.778,.336,-.531,-.207,.935,.289,.594,-.114,.797);es="Linear";ed="In";};["Left Arm"]={tm=.0330;cf=cfr(.114,-.495,.164,-.11,.92,-.375,-.921,.048,.388,.375,.388,.842);es="Linear";ed="In";};};{tm=2.45;["Torso"]={tm=.0329;cf=cfr(.112,-11.32,-.207,.715,-.699,-.035,.692,.714,-.109,.101,.053,.993);es="Linear";ed="In";};["Head"]={tm=.0329;cf=cfr(0,0,0,.789,.602,-.123,-.615,.769,-.174,-.01,.213,.977);es="Linear";ed="In";};["Left Leg"]={tm=.0329;cf=cfr(-.944,.659,-.168,.951,-.308,-.039,.31,.94,.143,-.008,-.148,.989);es="Linear";ed="In";};["Right Arm"]={tm=.0329;cf=cfr(-.721,-.535,-.329,.108,-.449,-.887,.971,-.145,.192,-.215,-.882,.42);es="Linear";ed="In";};["Right Leg"]={tm=.0329;cf=cfr(.2,.267,.22,.795,.343,-.5,-.17,.918,.359,.582,-.201,.788);es="Linear";ed="In";};["Left Arm"]={tm=.0329;cf=cfr(.269,-.563,.216,-.234,.938,-.257,-.922,-.131,.364,.307,.322,.896);es="Linear";ed="In";};};{tm=2.483;["Torso"]={tm=.0339;cf=cfr(.112,-11.71,-.2,.879,-.466,-.101,.449,.88,-.154,.161,.09,.983);es="Linear";ed="In";};["Head"]={tm=.0339;cf=cfr(0,0,0,.815,.574,-.084,-.578,.794,-.189,-.042,.203,.978);es="Linear";ed="In";};["Left Leg"]={tm=.0339;cf=cfr(-.829,.772,-.185,.996,.033,-.087,-.036,.999,-.027,.086,.03,.996);es="Linear";ed="In";};["Right Arm"]={tm=.0339;cf=cfr(-.68,-.53,-.232,.026,-.626,-.779,.974,-.159,.161,-.225,-.763,.605);es="Linear";ed="In";};["Right Leg"]={tm=.0339;cf=cfr(.268,.292,.244,.875,.309,-.374,-.158,.911,.382,.458,-.275,.845);es="Linear";ed="In";};["Left Arm"]={tm=.0339;cf=cfr(.42,-.624,.2,-.311,.945,-.105,-.908,-.263,.325,.28,.196,.94);es="Linear";ed="In";};};{tm=2.517;["Torso"]={tm=.0329;cf=cfr(.112,-12.02,-.198,.982,.097,-.163,-.139,.951,-.276,.128,.294,.947);es="Linear";ed="In";};["Head"]={tm=.0329;cf=cfr(0,0,0,.994,.016,.111,.004,.985,-.174,-.112,.174,.978);es="Linear";ed="In";};["Left Leg"]={tm=.0329;cf=cfr(-.692,.508,-.104,.93,.284,.235,-.289,.957,-.014,-.229,-.055,.972);es="Linear";ed="In";};["Right Arm"]={tm=.0329;cf=cfr(-.481,-.592,-.071,-.186,-.929,-.321,.955,-.247,.162,-.23,-.277,.933);es="Linear";ed="In";};["Right Leg"]={tm=.0329;cf=cfr(.853,.333,0,.994,.067,.091,-.1,.898,.429,-.053,-.435,.899);es="Linear";ed="In";};["Left Arm"]={tm=.0329;cf=cfr(-.641,-.044,-.167,-.353,.935,.023,-.916,-.351,.197,.192,.048,.98);es="Linear";ed="In";};};{tm=2.55;["Torso"]={tm=.0330;cf=cfr(.112,-12.25,-.214,.951,.284,-.122,-.309,.884,-.352,.008,.372,.928);es="Linear";ed="In";};["Head"]={tm=.0330;cf=cfr(0,0,0,.988,-.12,.093,.128,.988,-.087,-.081,.098,.992);es="Linear";ed="In";};["Left Leg"]={tm=.0330;cf=cfr(-.581,.356,-.003,.881,.418,.221,-.442,.894,.07,-.168,-.159,.973);es="Linear";ed="In";};["Right Arm"]={tm=.0330;cf=cfr(-.494,-.692,-.107,-.266,-.948,-.175,.947,-.291,.138,-.182,-.128,.975);es="Linear";ed="In";};["Right Leg"]={tm=.0330;cf=cfr(.921,.284,-.143,.993,-.046,.105,0,.916,.4,-.114,-.397,.91);es="Linear";ed="In";};["Left Arm"]={tm=.0330;cf=cfr(-1.33,.139,-.363,-.519,.838,.167,-.827,-.542,.15,.216,-.06,.975);es="Linear";ed="In";};};{tm=2.583;["Torso"]={tm=.0339;cf=cfr(.112,